BeanCount,amplitude_envelope,rms_db,spectral_flux,onset_strength,ioi_s,shake_rate_bpm
16,5.8328276e-10,-80.0,0.0,0.0,0.2,264.70587
16,0.0,-80.0,0.0,0.0,0.2,264.70587
16,0.0,-80.0,0.0,0.0,0.2,264.70587
16,1.9988296e-10,-80.0,0.0,0.0,0.2,264.70587
16,1.1961158e-08,-80.0,0.0,0.0,0.2,264.70587
16,2.8589744e-08,-80.0,0.0,0.0,0.2,264.70587
16,2.1775667e-08,-80.0,0.0,0.0,0.2,264.70587
16,1.9426102e-10,-80.0,0.0,0.0,0.2,264.70587
16,0.0,-80.0,0.0,0.0,0.2,264.70587
16,0.0,-80.0,0.0,0.0,0.2,264.70587
16,5.102117e-08,-80.0,0.0,0.0,0.2,264.70587
16,2.9107017e-07,-80.0,0.0,0.0,0.2,264.70587
16,4.016589e-07,-80.0,0.0,0.0,0.2,264.70587
16,1.0269023e-07,-80.0,0.0,0.0,0.2,264.70587
16,0.0,-80.0,0.0,0.0,0.2,264.70587
16,0.0,-80.0,0.0,0.0,0.2,264.70587
16,4.1668184e-08,-80.0,0.0,0.0,0.2,264.70587
16,2.217348e-06,-80.0,0.0,0.0,0.2,264.70587
16,5.225924e-06,-80.0,0.0,0.0,0.2,264.70587
16,3.9116203e-06,-80.0,0.0,0.0,0.2,264.70587
16,2.6986953e-08,-80.0,0.0,0.0,0.2,264.70587
16,0.0,-80.0,0.0,0.0,0.2,264.70587
16,0.0,-80.0,0.0,0.0,0.2,264.70587
16,9.634638e-06,-80.0,0.0,0.0,0.2,264.70587
16,5.3518626e-05,-80.0,0.0,0.0,0.2,264.70587
16,7.2982206e-05,-80.0,0.0,0.0,0.2,264.70587
16,1.8001463e-05,-80.0,0.0,0.0,0.2,264.70587
16,0.0,-80.0,0.0,0.0,0.2,264.70587
16,0.0,-80.0,0.0,0.0,0.2,264.70587
16,6.3929297e-06,-80.0,0.0,0.0,0.2,264.70587
16,0.00038919074,-80.0,0.0,0.0,0.2,264.70587
16,0.0009126772,-80.0,0.0,0.0,0.2,264.70587
16,0.0006471343,-80.0,0.0,0.0,0.2,264.70587
16,1.3591202e-06,-80.0,0.0,0.0,0.2,264.70587
16,0.0,-80.0,0.0,0.0,0.2,264.70587
16,0.0002974613,-80.0,0.0,0.0,0.2,264.70587
16,0.009095972,-35.875214,0.01660821,0.0,0.2,264.70587
16,0.030638564,-30.846191,0.04400173,1.0,0.2,264.70587
16,0.06179769,-23.942604,0.02739139,0.687403,0.22605045,239.06248
16,0.09526485,-20.073395,0.09343269,0.12649013,0.25210086,217.94872
16,0.12267973,-18.271019,0.105691634,0.29235363,0.27815127,200.26178
16,0.1413367,-16.957188,0.069529146,0.17880039,0.3042017,185.23003
16,0.15369682,-17.475422,0.08308936,0.12141035,0.33025208,172.2973
16,0.16018395,-14.505794,0.0735281,0.0770599,0.35630253,161.05263
16,0.15598424,-14.508695,0.24760471,0.07205879,0.38235295,151.18578
16,0.13796933,-14.539237,0.036974132,0.15362,0.40840337,142.4581
16,0.1110398,-18.40812,0.04030544,0.027577143,0.4344538,134.6831
16,0.08297756,-19.891045,0.019647265,0.045287564,0.4605042,127.71285
16,0.057351172,-23.497646,0.021568872,0.015339879,0.48655462,121.42857
16,0.03646793,-23.775059,0.015942806,0.026423937,0.512605,115.73374
16,0.03115659,-24.735947,0.034715783,0.038234744,0.53865546,110.54913
16,0.06279875,-24.036217,0.027394524,0.10720446,0.56470585,105.809135
16,0.14594331,-18.821613,0.03762287,0.07964051,0.5907563,101.458885
16,0.26198632,-11.450458,0.26528817,0.09452644,0.61680675,97.452225
16,0.3587989,-8.880446,0.42724377,0.39736772,0.6428571,93.75
16,0.3922644,-7.149768,0.22146277,0.2845585,0.63244045,95.19613
16,0.3673408,-7.5142126,0.2701241,0.08621903,0.6220238,96.68755
16,0.33302113,-8.988181,0.10424893,0.06658772,0.61160713,98.22646
16,0.3356588,-9.358531,0.051991604,0.025594424,0.60119045,99.815155
16,0.37070683,-8.782027,0.3618242,0.020994933,0.59077376,101.456085
16,0.3885612,-7.4950094,0.29988122,0.24817306,0.5803571,103.15186
16,0.34997788,-7.7039747,0.19264732,0.119652845,0.56994045,104.9053
16,0.26303264,-9.501269,0.049819335,0.064090416,0.5595238,106.71936
16,0.16714437,-14.062358,0.04991223,0.01653867,0.54910713,108.59728
16,0.09617394,-16.86736,0.027099032,0.011436043,0.53869045,110.54248
16,0.059443176,-20.748417,0.025668077,0.012814607,0.5282738,112.558624
16,0.047742967,-23.100548,0.019932589,0.037686277,0.51785713,114.64969
16,0.049496952,-25.299553,0.014295272,0.022522135,0.5074405,116.81989
16,0.059749223,-23.560493,0.02140994,0.022778431,0.49702382,119.07387
16,0.079595625,-20.278343,0.0810443,0.06531682,0.48660716,121.41653
16,0.11240258,-18.937996,0.11369109,0.20987727,0.47619048,123.85321
16,0.15810297,-17.423206,0.048502382,0.22033907,0.46577382,126.389694
16,0.20391266,-15.422441,0.11188725,0.077864364,0.45535716,129.03226
16,0.2243709,-12.617997,0.20223202,0.14978257,0.44494048,131.78767
16,0.20378044,-12.21535,0.18207693,0.18653089,0.43452382,134.66335
16,0.16187136,-13.079108,0.047448818,0.12327793,0.42410716,137.6673
16,0.14525981,-16.331436,0.030140106,0.013116316,0.41369048,140.80835
16,0.18417522,-17.665363,0.08112587,0.026117358,0.40327382,144.09605
16,0.25910568,-10.626338,0.18140478,0.09712333,0.39285716,147.54099
16,0.31435773,-9.385158,0.45304132,0.12818354,0.38244048,151.15466
16,0.30892622,-9.02407,0.09974944,0.22822905,0.37202382,154.94978
16,0.24982318,-11.593417,0.07280328,0.038590424,0.36160713,158.9404
16,0.17473546,-14.11386,0.06622992,0.04682722,0.35119048,163.142
16,0.11702719,-16.368374,0.035832357,0.029784108,0.34077382,167.57176
16,0.08914991,-18.404663,0.031759903,0.018029004,0.33035713,172.24881
16,0.086274125,-20.369785,0.03382042,0.04911493,0.3199405,177.19441
16,0.09665797,-20.302341,0.03352004,0.034728058,0.30952382,182.43243
16,0.109725915,-18.495007,0.058432564,0.03612921,0.29910713,187.98956
16,0.12208506,-17.524403,0.114945,0.13993512,0.2886905,193.89586
16,0.14065845,-16.40805,0.055615947,0.15148734,0.27827382,200.18535
16,0.17525731,-16.482628,0.08428946,0.07212287,0.26785713,206.89656
16,0.2226037,-13.94513,0.073959835,0.083347365,0.2574405,214.07333
16,0.25953713,-11.616658,0.20316064,0.079971805,0.24702382,221.76591
16,0.2610365,-10.974723,0.19372748,0.21284266,0.23660713,230.03195
16,0.22793913,-11.244229,0.06464915,0.12274467,0.22619049,238.93805
16,0.18494995,-13.476779,0.03903993,0.03352254,0.21577382,248.56157
16,0.15152486,-15.447789,0.14256224,0.035830054,0.20535713,258.9928
16,0.1277816,-15.29773,0.045680344,0.10520219,0.19494049,270.33792
16,0.108629934,-16.692955,0.050186053,0.06457736,0.18452382,282.7225
16,0.098520644,-18.793125,0.018452605,0.05177294,0.17410713,296.2963
16,0.10753057,-18.555286,0.026103828,0.021154212,0.16369049,311.2392
16,0.13692878,-16.93473,0.14969382,0.034459207,0.1532738,327.76935
16,0.17514025,-15.439645,0.09621446,0.24497102,0.14285713,346.15384
16,0.2077883,-12.87094,0.1245723,0.10294986,0.14175823,348.2143
16,0.227471,-12.908929,0.15620378,0.13997577,0.14065935,350.2994
16,0.2363573,-11.808272,0.07104296,0.11877204,0.13956045,352.40964
16,0.23970343,-12.519475,0.15617794,0.05466744,0.13846153,354.54544
16,0.23818603,-12.424006,0.108494006,0.11679722,0.13736263,356.7073
16,0.22688475,-13.34488,0.069582716,0.052416917,0.13626373,358.89572
16,0.2003471,-12.419875,0.0831915,0.057210475,0.13516484,361.1111
16,0.16836245,-12.445083,0.23709336,0.09765169,0.13406594,363.35403
16,0.17418998,-12.492002,0.0652683,0.19128928,0.13296704,365.625
16,0.27486876,-12.023925,0.028877404,0.013089525,0.13186812,367.92453
16,0.472673,-7.063056,0.24480985,0.013370549,0.13076922,370.25317
16,0.6761916,-3.7188196,0.6403786,0.19493309,0.12967034,372.61145
16,0.76362044,-2.3144693,0.616709,0.32895976,0.12857142,375.0
16,0.689409,-2.529007,0.249066,0.16119647,0.11785715,399.99997
16,0.51267487,-4.4762754,0.12869546,0.05251172,0.10714286,428.57144
16,0.3319435,-7.502431,0.10098049,0.03879528,0.096428566,461.53848
16,0.21005219,-10.534984,0.06719291,0.044754308,0.08571428,500.0
16,0.1512229,-13.433427,0.06341485,0.026973095,0.075,545.4545
16,0.12548858,-15.828126,0.037970226,0.033694994,0.06428572,600.0
16,0.10329231,-18.4492,0.03473184,0.018954977,0.053571433,666.6666
16,0.07533191,-20.978367,0.025211459,0.03432049,0.04285714,750.0
16,0.054875348,-22.782276,0.015853634,0.037324686,0.03214286,857.1429
16,0.06816328,-19.476513,0.026093032,0.02365517,0.02142857,1000.0
16,0.13824336,-15.353089,0.22473665,0.058186125,0.010714288,1200.0
16,0.26614383,-14.148948,0.14794496,0.2924487,0.0,1500.0
16,0.4140026,-8.433953,0.13770254,0.110687025,0.014285716,1125.0
16,0.51008254,-5.490035,0.71755743,0.28496474,0.028571432,899.99994
16,0.50464034,-4.8103857,0.31993642,0.37487888,0.04285714,750.0
16,0.43006703,-5.5844316,0.12697996,0.093011744,0.057142857,642.8571
16,0.3780748,-8.31203,0.120475076,0.027453305,0.071428575,562.5
16,0.4116099,-9.591224,0.10013391,0.033611238,0.08571428,500.0
16,0.5007644,-4.910487,0.23184928,0.027697604,0.10000001,449.99997
16,0.54932636,-4.408122,0.5612208,0.1276352,0.11428571,409.0909
16,0.49524462,-4.2281084,0.14570288,0.2560001,0.12857142,375.0
16,0.36724457,-7.8678637,0.14160119,0.030638706,0.13809523,355.26318
16,0.23745964,-10.894116,0.08709505,0.024932943,0.14761904,337.5
16,0.15295577,-13.700519,0.051564608,0.058498107,0.15714286,321.42856
16,0.11452061,-16.000645,0.042924408,0.020109892,0.16666666,306.81818
16,0.0975816,-18.077751,0.02944224,0.0253311,0.17619048,293.47827
16,0.08071283,-20.786552,0.02115535,0.019635675,0.1857143,281.25
16,0.059958454,-22.753105,0.021251515,0.020939551,0.19523808,270.0
16,0.04943792,-23.248196,0.025573999,0.040716767,0.20476191,259.6154
16,0.072266415,-23.24162,0.037997823,0.06663244,0.2142857,250.0
16,0.14145894,-17.682674,0.095871955,0.07691908,0.22380953,241.07143
16,0.2396616,-14.041453,0.19096875,0.17062353,0.23333335,232.75862
16,0.31833476,-9.768104,0.248986,0.258131,0.24285717,224.99998
16,0.32898763,-9.057811,0.3192363,0.23554984,0.23357143,232.55815
16,0.2669371,-9.257604,0.07424444,0.15964027,0.2242857,240.64171
16,0.18000185,-12.876996,0.024179919,0.015781019,0.215,249.30748
16,0.13024351,-16.625141,0.029361868,0.022432413,0.20571429,258.6207
16,0.14870322,-16.272411,0.059783317,0.027493078,0.19642858,268.6567
16,0.21706285,-13.574994,0.15242007,0.09076486,0.18714286,279.5031
16,0.283106,-10.336448,0.23001118,0.15264556,0.17785715,291.26215
16,0.29898992,-9.999591,0.2963662,0.1889608,0.16857144,304.05405
16,0.25721386,-9.934739,0.07910417,0.15861708,0.15928572,318.02118
16,0.19009623,-13.722854,0.047156952,0.026024614,0.15000002,333.3333
16,0.13418935,-15.900668,0.03604093,0.033640396,0.14071427,350.19455
16,0.102125056,-17.80822,0.07566028,0.036077276,0.13142857,368.85248
16,0.085250355,-18.933563,0.024706518,0.09397722,0.12214286,389.61038
16,0.07144008,-22.066616,0.020175641,0.018599272,0.11285715,412.84402
16,0.05698536,-23.557148,0.021481225,0.031561427,0.10357143,439.02438
16,0.050502893,-23.752129,0.02522893,0.046099067,0.09428572,468.74997
16,0.07025931,-22.533165,0.0320417,0.07127466,0.085,502.7933
16,0.1318904,-17.888607,0.070420384,0.07573989,0.07571429,542.16864
16,0.22964402,-15.04165,0.19016363,0.16483612,0.06642857,588.2353
16,0.3274345,-10.293027,0.22767268,0.29591134,0.057142857,642.8571
16,0.3771481,-8.494731,0.33683127,0.29210505,0.06734694,583.3333
16,0.35825035,-7.9991064,0.15495333,0.19778822,0.07755102,533.8983
16,0.30296156,-9.189702,0.12849566,0.04004198,0.0877551,492.1875
16,0.27684933,-10.982448,0.097486086,0.024969647,0.09795918,456.52176
16,0.3226948,-8.856555,0.063838825,0.03302686,0.10816326,425.6757
16,0.41602224,-6.7983465,0.5643251,0.05209323,0.118367344,398.7342
16,0.4851529,-5.8775034,0.3341949,0.31478024,0.12857142,375.0
16,0.4791893,-5.38029,0.13115242,0.18560997,0.12380953,385.71426
16,0.40304026,-7.404723,0.2122745,0.044193823,0.11904762,397.05884
16,0.30006424,-8.816432,0.07790967,0.051163957,0.11428571,409.0909
16,0.21502906,-11.744655,0.06528894,0.03212689,0.10952381,421.875
16,0.1648284,-14.23179,0.05978153,0.027413087,0.104761906,435.4839
16,0.13604751,-15.714545,0.07347171,0.036254577,0.10000001,449.99997
16,0.10902909,-17.06918,0.048676115,0.061505727,0.0952381,465.51724
16,0.086064175,-17.879402,0.029649707,0.032812994,0.09047619,482.14285
16,0.09607,-19.984089,0.035242997,0.031106934,0.08571428,500.0
16,0.16783905,-15.195376,0.06022293,0.05577667,0.08095238,519.2308
16,0.2913142,-12.33084,0.31188554,0.13860936,0.07619048,540.0
16,0.40565544,-7.5750685,0.27371728,0.35247502,0.071428575,562.5
16,0.43828744,-6.744363,0.48501667,0.2099101,0.07857143,529.41174
16,0.3694684,-6.768359,0.102406405,0.2189213,0.08571428,500.0
16,0.2548612,-9.510062,0.045366716,0.011498556,0.092857145,473.6842
16,0.17822948,-13.542073,0.077943176,0.0155784,0.10000001,449.99997
16,0.18851353,-15.218228,0.039491456,0.040416952,0.10714286,428.57144
16,0.2713483,-9.456309,0.14661808,0.036799904,0.11428571,409.0909
16,0.36713207,-8.607444,0.5026063,0.1230189,0.12142857,391.30435
16,0.42082852,-6.956565,0.11663811,0.30183297,0.12857142,375.0
16,0.41449243,-8.190091,0.2924351,0.05717092,0.125,382.97873
16,0.35977188,-7.904525,0.14575125,0.16294008,0.12142857,391.30435
16,0.27987772,-9.776156,0.1500206,0.048133515,0.11785715,399.99997
16,0.20061308,-10.818482,0.040589068,0.05108149,0.11428571,409.0909
16,0.1412855,-15.263232,0.041564606,0.01607528,0.11071429,418.60464
16,0.1051781,-18.359337,0.02801252,0.022499423,0.10714286,428.57144
16,0.08274243,-19.74009,0.025560357,0.030580334,0.10357143,439.02438
16,0.06593017,-21.484001,0.025018333,0.031163126,0.10000001,449.99997
16,0.059753507,-22.890907,0.014368042,0.056479417,0.096428566,461.53848
16,0.079461366,-20.22504,0.03716779,0.035753045,0.092857145,473.6842
16,0.13489254,-18.918648,0.14681815,0.09531935,0.08928572,486.48648
16,0.21454622,-15.844155,0.07113623,0.294098,0.08571428,500.0
16,0.2819446,-10.854856,0.18470725,0.115493156,0.08888889,487.95178
16,0.29583976,-9.836989,0.39902392,0.17964812,0.092063494,476.47058
16,0.24797028,-10.059205,0.05603684,0.2284514,0.0952381,465.51724
16,0.17574395,-13.2840185,0.03544815,0.02221807,0.0984127,455.05618
16,0.13102537,-16.53508,0.0592835,0.016141314,0.1015873,445.05496
16,0.14195089,-17.379234,0.037692457,0.045002904,0.104761906,435.4839
16,0.19776137,-14.300849,0.115018025,0.03434354,0.1079365,426.3158
16,0.2607237,-12.202798,0.2588139,0.16882016,0.111111104,417.5258
16,0.29468688,-10.65298,0.14688331,0.26515514,0.11428571,409.0909
16,0.28694388,-11.075887,0.14668076,0.05158406,0.12337662,386.71875
16,0.2473658,-11.558604,0.09008848,0.081180364,0.13246752,366.6667
16,0.1935996,-13.324098,0.087877184,0.033565104,0.14155844,348.59155
16,0.14019656,-14.737271,0.03063586,0.024780625,0.15064937,332.21475
16,0.09678684,-17.800987,0.02097076,0.011145625,0.15974027,317.3077
16,0.06982475,-20.818207,0.023080358,0.030640919,0.16883117,303.68097
16,0.06444318,-22.274212,0.016871572,0.041104726,0.17792207,291.17648
16,0.08259553,-23.744438,0.024131093,0.031361595,0.187013,279.661
16,0.11814619,-18.65126,0.054545105,0.04834642,0.1961039,269.02176
16,0.15818185,-15.328326,0.19498582,0.1667138,0.2051948,259.1623
16,0.19530542,-13.937255,0.15194064,0.29796284,0.2142857,250.0
16,0.23659122,-13.250602,0.08531453,0.12802988,0.20634921,257.9618
16,0.2916347,-10.953944,0.10929454,0.07935296,0.1984127,266.44736
16,0.3521505,-8.828658,0.30394134,0.09867899,0.19047618,275.51022
16,0.39369342,-7.462901,0.293262,0.17852281,0.18253969,285.21127
16,0.4002156,-7.0432844,0.18382289,0.12496621,0.17460318,295.62042
16,0.37600505,-8.233554,0.1310616,0.05575338,0.16666666,306.81818
16,0.33335215,-9.007014,0.16601162,0.05535911,0.15873016,318.89764
16,0.2807331,-9.909633,0.12710999,0.06965072,0.15079366,331.9672
16,0.22503741,-10.987159,0.080488995,0.075012065,0.14285713,346.15384
16,0.17288117,-13.7065325,0.059317764,0.039449092,0.13492064,361.60715
16,0.12619773,-16.508583,0.033448555,0.026773958,0.12698413,378.50467
16,0.08275337,-19.325142,0.019667031,0.034099936,0.11904762,397.05884
16,0.04463975,-22.223347,0.023975858,0.010198886,0.111111104,417.5258
16,0.0281331,-23.829353,0.01612222,0.033934943,0.10317461,440.21738
16,0.061351012,-23.914688,0.033249553,0.052161302,0.0952381,465.51724
16,0.16051394,-18.46532,0.063724175,0.10208394,0.08730158,493.90247
16,0.2989622,-10.856608,0.20966245,0.17097779,0.07936508,525.974
16,0.40531576,-7.1801424,0.5482756,0.31535664,0.071428575,562.5
16,0.4121628,-6.729129,0.2679621,0.30323303,0.08035715,521.73914
16,0.315216,-7.7851057,0.052926715,0.083123945,0.08928572,486.48648
16,0.1757841,-12.604915,0.043851335,0.014043512,0.098214276,455.69623
16,0.07589006,-16.16452,0.03695387,0.031534817,0.10714286,428.57144
16,0.07809255,-18.902206,0.034328826,0.023475653,0.11607142,404.49442
16,0.20205177,-13.531249,0.060176883,0.05846668,0.125,382.97873
16,0.40958345,-10.02596,0.3338913,0.1055909,0.13392857,363.63635
16,0.61162335,-4.645297,0.41960776,0.36135092,0.14285713,346.15384
16,0.71411,-3.435853,0.72374874,0.26525903,0.13736263,356.7073
16,0.67925525,-3.0066643,0.22801793,0.21407536,0.13186812,367.92453
16,0.5458343,-4.611253,0.19364768,0.036006458,0.12637362,379.87012
16,0.39013028,-6.5501223,0.13559115,0.057047144,0.12087912,392.61746
16,0.27319393,-8.744653,0.0710898,0.06816148,0.115384616,406.25
16,0.20974289,-12.19321,0.077347666,0.020285418,0.10989011,420.8633
16,0.17305736,-13.882371,0.045584474,0.02713856,0.104395606,436.56717
16,0.12858951,-16.187515,0.038867034,0.026477195,0.0989011,453.48837
16,0.07148647,-17.767403,0.027394004,0.07607891,0.093406595,471.7742
16,0.04228189,-20.699535,0.027094614,0.06466686,0.08791209,491.59662
16,0.103076346,-20.337952,0.019313384,0.038211096,0.082417585,513.1579
16,0.28098726,-10.902675,0.20626952,0.039050736,0.07692308,536.69727
16,0.5215018,-7.254491,0.4752127,0.34384853,0.071428575,562.5
16,0.70437104,-3.1162138,0.46681148,0.38687387,0.07857143,529.41174
16,0.7250489,-2.4588861,0.6613332,0.22873533,0.08571428,500.0
16,0.5855682,-2.869854,0.178588,0.17684697,0.092857145,473.6842
16,0.4079757,-5.562442,0.050451048,0.013289116,0.10000001,449.99997
16,0.3361167,-9.19575,0.073396295,0.010180182,0.10714286,428.57144
16,0.41372934,-6.8393946,0.15257469,0.062393185,0.11428571,409.0909
16,0.5528101,-3.847188,0.6636999,0.08077724,0.12142857,391.30435
16,0.6231437,-3.3263178,0.36380425,0.32930008,0.12857142,375.0
16,0.5707535,-3.6341143,0.15986189,0.10820568,0.16666666,306.81818
16,0.4364464,-6.7808714,0.1680086,0.033397354,0.20476191,259.6154
16,0.29155466,-8.733838,0.09637077,0.07318245,0.24285717,224.99998
16,0.1839065,-11.432124,0.03661586,0.014176845,0.2809524,198.52942
16,0.124018215,-14.816007,0.03988682,0.03544792,0.3190476,177.63159
16,0.09655227,-18.571259,0.03359029,0.020502819,0.35714287,160.71428
16,0.07993097,-20.490345,0.024079625,0.027382623,0.3952381,146.73914
16,0.06352158,-22.060429,0.023263905,0.034571007,0.43333334,135.0
16,0.055802498,-23.093258,0.020397317,0.030773383,0.47142857,125.0
16,0.07822415,-21.205025,0.029610643,0.04704809,0.5095238,116.37931
16,0.14443004,-18.121525,0.10384122,0.08930047,0.547619,108.87097
16,0.2386662,-15.820302,0.17166536,0.31485316,0.5857142,102.27273
16,0.3150254,-9.180215,0.21614762,0.19214378,0.57370126,104.2654
16,0.3282366,-8.710511,0.42007774,0.13436724,0.5616883,106.33727
16,0.27775526,-8.831769,0.049842816,0.17256427,0.5496753,108.49315
16,0.21435629,-12.816785,0.04986507,0.028972764,0.5376623,110.73825
16,0.19666561,-12.176578,0.098816335,0.025827877,0.5256493,113.07825
16,0.249061,-11.865573,0.266122,0.058447327,0.51363635,115.51926
16,0.35113722,-10.411658,0.088651836,0.2295742,0.5016234,118.06798
16,0.4488223,-6.9981165,0.28434467,0.0681761,0.4896104,120.731705
16,0.48443586,-6.2050276,0.522859,0.15810701,0.47759742,123.5184
16,0.4416316,-6.2340727,0.10463192,0.2072771,0.46558443,126.43678
16,0.35480896,-8.25847,0.08399905,0.020900773,0.45357144,129.4964
16,0.26716873,-10.360801,0.15521309,0.033706676,0.44155842,132.70778
16,0.1975526,-11.555158,0.0997237,0.10453763,0.42954546,136.08247
16,0.14596464,-14.087728,0.03450184,0.04338319,0.41753247,139.63329
16,0.11020115,-17.19614,0.028483666,0.017403472,0.4055195,143.37437
16,0.09355291,-18.89991,0.0363826,0.03509082,0.3935065,147.32143
16,0.104804546,-18.379707,0.07182052,0.052222416,0.38149354,151.49196
16,0.15279664,-15.43262,0.06650837,0.20167409,0.36948052,155.90552
16,0.23576778,-13.513705,0.23215261,0.09807706,0.35746753,160.58394
16,0.33187774,-9.399714,0.17661153,0.18559593,0.34545457,165.55183
16,0.40178126,-8.797963,0.33610228,0.14693639,0.33344156,170.83693
16,0.40814796,-6.9533453,0.13958128,0.21113582,0.3214286,176.47058
16,0.34353733,-7.962762,0.25436327,0.05756982,0.3094156,182.48846
16,0.24618249,-8.850158,0.058188893,0.091784924,0.2974026,188.9313
16,0.18224014,-12.921004,0.030306997,0.03808846,0.28538963,195.84569
16,0.19788499,-15.077678,0.0674802,0.025171788,0.2733766,203.28543
16,0.28197578,-12.95254,0.11976238,0.0716957,0.26136366,211.3127
16,0.36895412,-7.925824,0.34548303,0.1681111,0.24935067,220.0
16,0.38794914,-7.2723284,0.38798904,0.21867687,0.23733766,229.43222
16,0.3236433,-7.7140455,0.0681245,0.13849242,0.22532469,239.70944
16,0.22209097,-12.168523,0.042137355,0.027369384,0.21331167,250.95058
16,0.13827142,-15.437884,0.034889586,0.03691573,0.2012987,263.29785
16,0.09386189,-17.664833,0.053582955,0.042132013,0.18928573,276.92307
16,0.079426855,-19.245224,0.022709353,0.044500172,0.17727272,292.0354
16,0.07799144,-21.293457,0.024543911,0.029476538,0.16525975,308.89236
16,0.08110157,-22.184235,0.02045486,0.035110243,0.15324676,327.81458
16,0.08887788,-21.396717,0.024284745,0.041344646,0.14123376,349.20636
16,0.10145849,-20.02988,0.10105865,0.07774807,0.12922077,373.58493
16,0.11587371,-17.683311,0.07164667,0.21156083,0.1172078,401.6227
16,0.1317786,-16.498024,0.08362107,0.108208776,0.10519481,434.2105
16,0.15396072,-17.064579,0.06981175,0.09867051,0.09318182,472.5537
16,0.18390557,-14.418134,0.047885794,0.11099017,0.08116883,518.3246
16,0.20969793,-13.491923,0.27539998,0.054249424,0.06915584,573.9131
16,0.21327162,-12.65763,0.0914344,0.26871452,0.057142857,642.8571
16,0.19050154,-13.594731,0.061953496,0.05183959,0.061224494,617.64703
16,0.15677696,-14.803214,0.05964394,0.07139725,0.06530612,594.33966
16,0.13355097,-16.48486,0.057931036,0.036852982,0.06938776,572.7273
16,0.13232243,-17.548096,0.054646917,0.059154246,0.073469386,552.6316
16,0.1468658,-15.073701,0.027107991,0.050667282,0.07755102,533.8983
16,0.15641586,-15.023196,0.20241521,0.043061562,0.08163266,516.39343
16,0.14284183,-14.817067,0.038276535,0.2791349,0.08571428,500.0
16,0.10887408,-17.082836,0.013140951,0.025362099,0.10000001,449.99997
16,0.074677624,-21.00409,0.013991657,0.0048821885,0.11428571,409.0909
16,0.059096098,-22.80996,0.016436523,0.04369044,0.12857142,375.0
16,0.06617665,-21.624004,0.07443766,0.054864127,0.14285713,346.15384
16,0.08726926,-21.184174,0.059340533,0.18005423,0.15714286,321.42856
16,0.11123934,-19.604061,0.0210647,0.15226696,0.17142856,300.0
16,0.1289857,-17.22322,0.07053369,0.049918372,0.1857143,281.25
16,0.13478725,-16.584805,0.14833535,0.1384704,0.2,264.70587
16,0.1307656,-16.915798,0.04347567,0.26949868,0.2142857,250.0
16,0.1264177,-17.00576,0.030058395,0.04381818,0.20555556,258.78595
16,0.13003384,-17.146084,0.123226754,0.028371578,0.19682539,268.2119
16,0.14354226,-16.70089,0.05472745,0.13392691,0.18809524,278.35052
16,0.16298905,-15.335998,0.037378523,0.055294234,0.17936507,289.28574
16,0.17891018,-15.345988,0.13096897,0.051396262,0.17063493,301.11523
16,0.18164031,-14.59978,0.10886544,0.18530467,0.16190478,313.9535
16,0.16923413,-14.971297,0.071382456,0.11192707,0.15317461,327.9352
16,0.14780734,-16.308937,0.050654184,0.06858804,0.14444447,343.22034
16,0.12551813,-17.391747,0.033001207,0.037247814,0.13571428,360.0
16,0.10629015,-18.56113,0.033172462,0.027227016,0.12698413,378.50467
16,0.08790686,-19.9875,0.06089431,0.048158266,0.118253976,399.01477
16,0.06646934,-21.52784,0.02102648,0.10970601,0.10952381,421.875
16,0.04470078,-23.49723,0.016079364,0.025794351,0.10079365,447.5138
16,0.035542298,-25.732754,0.012005992,0.026070792,0.092063494,476.47058
16,0.054626673,-26.413837,0.015455632,0.029345606,0.083333336,509.43396
16,0.10472606,-19.519352,0.03948218,0.06047799,0.07460318,547.2973
16,0.16569051,-15.651563,0.19719492,0.14642128,0.06587302,591.24084
16,0.20440057,-14.330853,0.16258134,0.36237597,0.057142857,642.8571
16,0.20001051,-13.70683,0.05918422,0.14867583,0.06938776,572.7273
16,0.16007929,-14.796824,0.06595851,0.07540847,0.08163266,516.39343
16,0.1179581,-15.828202,0.08550204,0.05325975,0.09387755,470.14926
16,0.115871355,-17.574966,0.026624762,0.068765335,0.10612246,431.50684
16,0.1754802,-16.0262,0.021062218,0.053919144,0.118367344,398.7342
16,0.2713408,-10.670173,0.21504095,0.046985835,0.13061225,370.58823
16,0.34189397,-8.724082,0.36274806,0.26748067,0.14285713,346.15384
16,0.34210142,-8.412686,0.14729083,0.24950343,0.13626373,358.89572
16,0.28089863,-10.267367,0.057176773,0.055263456,0.12967034,372.61145
16,0.20135108,-12.925075,0.071738295,0.046636157,0.12307692,387.41724
16,0.1376195,-15.211087,0.06546563,0.05158752,0.116483524,403.44827
16,0.0982148,-16.645573,0.032318186,0.03415242,0.10989011,420.8633
16,0.07559379,-19.965984,0.01916747,0.020582026,0.1032967,439.84964
16,0.059954647,-23.177505,0.016306104,0.014369669,0.0967033,460.6299
16,0.046663623,-25.443993,0.012591253,0.03220536,0.09010989,483.47107
16,0.038279228,-26.693047,0.01419701,0.035991155,0.083516486,508.69565
16,0.04313902,-26.349537,0.01708651,0.043029334,0.07692308,536.69727
16,0.069664314,-22.165966,0.040160146,0.10159222,0.070329666,567.9612
16,0.118186355,-19.103584,0.12599264,0.19825266,0.06373626,603.0928
16,0.17591228,-16.65701,0.09735154,0.3346649,0.057142857,642.8571
16,0.22063622,-12.796702,0.11137371,0.13061157,0.08163266,516.39343
16,0.23472403,-12.053147,0.24458769,0.09034054,0.10612246,431.50684
16,0.22249988,-12.004502,0.055969827,0.17581393,0.13061225,370.58823
16,0.20858404,-14.217996,0.04707494,0.029938413,0.15510206,324.74225
16,0.21099634,-11.330232,0.06420084,0.03398991,0.17959183,288.99084
16,0.22128877,-11.208159,0.41450968,0.06909983,0.20408162,260.3306
16,0.21953398,-11.157565,0.0705548,0.27233723,0.22857143,236.8421
16,0.20048572,-12.90499,0.040482428,0.0671307,0.22406015,240.84506
16,0.17314987,-14.840598,0.12999527,0.026276914,0.21954887,244.98567
16,0.14766622,-15.038497,0.038868017,0.16389367,0.21503758,249.27115
16,0.1274499,-17.553215,0.07850422,0.03373812,0.21052633,253.7092
16,0.108532846,-18.249176,0.04432985,0.073079534,0.20601505,258.30817
16,0.08736558,-19.58863,0.029812874,0.067528054,0.20150377,263.07693
16,0.06753538,-21.536308,0.013920529,0.020859966,0.19699247,268.0251
16,0.056965075,-24.118843,0.020516546,0.03303153,0.19248119,273.16293
16,0.06024832,-24.569435,0.03661622,0.06459057,0.18796991,278.50165
16,0.075041726,-22.193336,0.037125025,0.11574323,0.18345866,284.05316
16,0.09359204,-21.237816,0.06383448,0.10625242,0.17894737,289.8305
16,0.10624375,-20.607845,0.043536264,0.14362736,0.17443609,295.84775
16,0.10529656,-19.215195,0.035138372,0.09059184,0.16992481,302.12015
16,0.09050458,-19.005417,0.0876731,0.051812276,0.16541353,308.66428
16,0.076943986,-19.161243,0.03622754,0.15682437,0.16090228,315.49814
16,0.0943182,-19.687325,0.019082943,0.05059662,0.15639098,322.6415
16,0.16487345,-17.130192,0.058331084,0.021302408,0.1518797,330.11584
16,0.27471516,-12.558526,0.257939,0.11036115,0.14736842,337.94467
16,0.37112138,-8.8486395,0.29587868,0.35696828,0.14285713,346.15384
16,0.39858297,-7.8050566,0.24489102,0.23426595,0.13956045,352.40964
16,0.3439514,-8.336177,0.12544125,0.08335828,0.13626373,358.89572
16,0.2453534,-10.282765,0.06090482,0.036090504,0.13296704,365.625
16,0.15695581,-14.299521,0.052384708,0.0275499,0.12967034,372.61145
16,0.10932984,-16.502552,0.04125696,0.04542664,0.12637362,379.87012
16,0.096875645,-18.991821,0.0442378,0.07160534,0.12307692,387.41724
16,0.0923887,-20.005554,0.03389598,0.034527656,0.11978021,395.2703
16,0.07219224,-21.647438,0.021599544,0.035090484,0.116483524,403.44827
16,0.035396293,-24.275917,0.011782524,0.04168314,0.113186814,411.97183
16,0.010766483,-26.170517,0.01685178,0.018143518,0.10989011,420.8633
16,0.046171732,-24.054066,0.032879353,0.046148255,0.10659341,430.14706
16,0.17491086,-17.66719,0.10497789,0.1405965,0.1032967,439.84964
16,0.37238544,-7.6499853,0.22977789,0.26809478,0.10000001,449.99997
16,0.5463683,-4.8100805,0.756138,0.3680539,0.10571428,432.69232
16,0.5961295,-3.9021235,0.38908166,0.37791887,0.11142857,416.6667
16,0.49695957,-4.612689,0.12606925,0.14266841,0.11714285,401.78574
16,0.3149545,-7.5772543,0.04985793,0.036349706,0.12285714,387.93106
16,0.14936635,-12.255639,0.05193044,0.018346988,0.12857142,375.0
16,0.08035122,-14.746211,0.045206908,0.03315107,0.13428572,362.90323
16,0.1514316,-15.871869,0.053150322,0.033650395,0.14,351.5625
16,0.35380614,-11.286422,0.10454889,0.07750265,0.1457143,340.9091
16,0.60381395,-6.1529684,0.5288647,0.13476443,0.15142858,330.88235
16,0.7643725,-2.3376913,0.65621215,0.3691864,0.15714286,321.42856
16,0.7389703,-2.0408258,0.47633955,0.2701101,0.18061227,287.67123
16,0.55723405,-2.7818384,0.117681876,0.067514375,0.20408162,260.3306
16,0.34217593,-7.7083235,0.070538305,0.019686924,0.22755104,237.73584
16,0.19782461,-11.602128,0.077843875,0.010944163,0.2510204,218.75002
16,0.14446779,-13.398429,0.06719057,0.04159066,0.2744898,202.57236
16,0.13921876,-15.030156,0.05240632,0.058960248,0.29795918,188.62276
16,0.13045307,-16.68171,0.06566226,0.023670215,0.3214286,176.47058
16,0.094301835,-19.64946,0.023262698,0.046724796,0.344898,165.78947
16,0.043722764,-22.226826,0.01632444,0.023527922,0.36836737,156.32755
16,0.020824946,-23.667133,0.028280143,0.026476268,0.39183673,147.88733
16,0.075102605,-22.990871,0.03546824,0.06353829,0.41530612,140.31181
16,0.22419114,-16.139343,0.053172357,0.11654048,0.4387755,133.47458
16,0.41698602,-6.7986994,0.35492164,0.13848047,0.4622449,127.27273
16,0.54974633,-4.627816,0.8384023,0.5436077,0.4857143,121.62162
16,0.5512967,-4.0712366,0.26767233,0.34675375,0.4868726,121.35568
16,0.44953957,-5.3019857,0.08218138,0.044200838,0.4880309,121.09091
16,0.33292785,-9.178523,0.07711386,0.017198378,0.4891892,120.827286
16,0.26295444,-10.457614,0.11699346,0.04997089,0.4903475,120.56481
16,0.23840548,-11.03403,0.16583097,0.062489156,0.4915058,120.30347
16,0.22577672,-11.555465,0.07131255,0.11523826,0.4926641,120.04326
16,0.2008326,-13.680783,0.048058204,0.05495243,0.49382243,119.784164
16,0.16353934,-14.7096815,0.07270084,0.01663788,0.4949807,119.52621
16,0.1307177,-16.350914,0.040100947,0.072064705,0.49613902,119.26933
16,0.11814089,-18.073643,0.019440474,0.02481111,0.4972973,119.01358
16,0.12372162,-18.85205,0.03787595,0.019249694,0.4984556,118.75891
16,0.12874715,-17.49622,0.035123143,0.05613124,0.49961388,118.50534
16,0.118727095,-17.67229,0.047136445,0.083496295,0.50077224,118.25284
16,0.099771395,-18.864231,0.025195358,0.09648015,0.5019305,118.00142
16,0.09063172,-21.496273,0.029337062,0.04128465,0.50308883,117.75106
16,0.10152927,-19.742638,0.06363394,0.08100544,0.50424707,117.50177
16,0.12467024,-19.09982,0.090056196,0.1882432,0.5054054,117.25352
16,0.14293295,-16.131527,0.08069607,0.1705819,0.50656366,117.00633
16,0.14490044,-15.708907,0.16233265,0.10491251,0.507722,116.76017
16,0.1349211,-16.020554,0.042458326,0.14942427,0.5088803,116.51504
16,0.1291473,-17.482208,0.023092147,0.021048848,0.5100386,116.27095
16,0.13884705,-17.182655,0.093085095,0.026329102,0.511197,116.02787
16,0.1606596,-16.059555,0.113615975,0.14307348,0.5123552,115.78581
16,0.18275839,-14.808555,0.08409531,0.13210925,0.51351357,115.544754
16,0.1948157,-14.889018,0.10484111,0.08433185,0.5146718,115.30471
16,0.1920847,-13.745793,0.07975014,0.1001968,0.51583016,115.06565
16,0.17523272,-14.753026,0.113200724,0.058400046,0.5169884,114.82759
16,0.1499245,-15.031539,0.03677036,0.08427493,0.51814675,114.5905
16,0.12373428,-17.364204,0.069735914,0.024818987,0.519305,114.3544
16,0.101408966,-18.79927,0.022353742,0.07165191,0.52046335,114.119255
16,0.084039345,-20.60791,0.02137282,0.03270208,0.5216216,113.88509
16,0.0722802,-21.230072,0.033472877,0.02102051,0.52277994,113.65188
16,0.07176885,-21.585754,0.029136958,0.06276352,0.5239382,113.419624
16,0.093232244,-21.139542,0.027609063,0.07539466,0.52509654,113.18831
16,0.14124827,-16.755959,0.060457382,0.09625911,0.5262548,112.95795
16,0.20188372,-14.394305,0.24200271,0.16306135,0.52741313,112.7285
16,0.24655174,-11.52159,0.14255686,0.28746298,0.5285715,112.49999
16,0.25125062,-10.600989,0.18333267,0.11104784,0.5167857,114.86918
16,0.2148838,-11.712302,0.113218874,0.088380545,0.505,117.34029
16,0.16329482,-12.131534,0.024438739,0.052496277,0.49321428,119.92006
16,0.12909599,-17.285412,0.036284696,0.029705718,0.48142856,122.61581
16,0.12626761,-17.06607,0.055004366,0.033371594,0.46964285,125.43554
16,0.14552608,-15.911857,0.12815641,0.08916343,0.45785716,128.38802
16,0.16974655,-14.852115,0.10304772,0.13419205,0.44607145,131.48283
16,0.18999436,-14.710864,0.072860025,0.102329016,0.43428573,134.73055
16,0.20476072,-14.665719,0.059555024,0.07654016,0.42249998,138.14275
16,0.20881987,-13.762794,0.10186596,0.03531114,0.4107143,141.73228
16,0.19226214,-13.649222,0.12958626,0.10797545,0.39892858,145.51334
16,0.15376225,-14.612636,0.03398477,0.07974466,0.38714287,149.50166
16,0.10692591,-17.2058,0.02016581,0.02973892,0.37535715,153.71478
16,0.069131866,-21.338806,0.019700706,0.018969096,0.36357147,158.17223
16,0.049159102,-23.751068,0.018616462,0.027234592,0.35178572,162.89592
16,0.046932537,-25.258167,0.015669502,0.044320356,0.34,167.91045
16,0.05960234,-22.47435,0.03532128,0.0455063,0.3282143,173.24352
16,0.08465618,-21.515167,0.09699452,0.11420207,0.3164286,178.92644
16,0.117530435,-20.870964,0.027558977,0.20634314,0.3046429,184.99486
16,0.14563659,-16.337864,0.058950752,0.0717633,0.29285714,191.48936
16,0.15022862,-15.7144575,0.18156834,0.11216591,0.28107142,198.45645
16,0.12506571,-15.556802,0.028515898,0.2178753,0.26928574,205.94965
16,0.09016069,-18.577305,0.016786883,0.04375832,0.25750002,214.03091
16,0.07761375,-21.710083,0.019285101,0.027989052,0.24571429,222.77228
16,0.1037358,-21.241665,0.04759887,0.040744163,0.23392858,232.25807
16,0.15484673,-14.375438,0.11374873,0.14123051,0.22214285,242.5876
16,0.19948849,-13.391351,0.2938146,0.21709503,0.21035716,253.8787
16,0.2154933,-13.051625,0.057553627,0.24706185,0.19857144,266.2722
16,0.20325093,-14.179534,0.057459224,0.052887626,0.18678571,279.93777
16,0.17520402,-14.676761,0.12137741,0.049434833,0.175,295.08197
16,0.14387013,-15.361754,0.047278725,0.10996925,0.1632143,311.9584
16,0.11691146,-17.637867,0.027259253,0.04750443,0.15142858,330.88235
16,0.09449207,-19.473587,0.05937791,0.023677986,0.13964286,352.2505
16,0.072921015,-20.75774,0.036355875,0.06860216,0.12785715,376.56903
16,0.054139372,-21.684998,0.012501543,0.0615957,0.11607142,404.49442
16,0.049868718,-24.472889,0.017993806,0.023404775,0.10428572,436.8932
16,0.074311465,-23.975658,0.024387205,0.028870039,0.092499994,474.93405
16,0.12922132,-17.96941,0.059564356,0.07079437,0.080714285,520.2312
16,0.19496465,-13.937739,0.25358787,0.19954674,0.06892857,575.0799
16,0.24175964,-12.821059,0.18342924,0.3510306,0.057142857,642.8571
16,0.2511862,-11.877259,0.062800266,0.14561433,0.073469386,552.6316
16,0.22441319,-11.969035,0.1432564,0.045050763,0.08979592,484.6154
16,0.18104118,-12.578109,0.14717913,0.12223086,0.10612246,431.50684
16,0.15844332,-12.81388,0.035235677,0.097464085,0.12244898,388.8889
16,0.1915964,-15.123183,0.024182834,0.020774864,0.13877551,353.9326
16,0.2770206,-11.812982,0.27629712,0.029757967,0.15510206,324.74225
16,0.36552757,-8.427848,0.22885695,0.26255277,0.17142856,300.0
16,0.40005305,-7.281125,0.3491538,0.14904654,0.17714286,292.2078
16,0.36045754,-8.097524,0.17398746,0.17115055,0.18285714,284.81012
16,0.27432337,-9.423507,0.05485746,0.059169393,0.18857142,277.77777
16,0.18598671,-13.2423525,0.0959521,0.032677133,0.19428572,271.08432
16,0.12356633,-15.254632,0.0395713,0.08438356,0.2,264.70587
16,0.09129195,-18.396511,0.02501202,0.019892301,0.20571429,258.6207
16,0.07753668,-20.890625,0.020785091,0.01695402,0.21142857,252.80899
16,0.06709913,-22.719673,0.021902176,0.037555035,0.21714287,247.25275
16,0.052267052,-24.122677,0.017345747,0.047786646,0.22285715,241.93549
16,0.037639786,-25.780571,0.01429563,0.027343415,0.22857143,236.8421
16,0.036728285,-26.751568,0.023206707,0.045644067,0.23428573,231.95877
16,0.062229,-25.37135,0.028889736,0.08747674,0.24000001,227.27274
16,0.11280942,-24.027813,0.040391162,0.1192708,0.24571429,222.77228
16,0.16530028,-14.661998,0.13445784,0.121155694,0.25142857,218.4466
16,0.18683882,-13.637048,0.24055022,0.25163278,0.25714287,214.28572
16,0.16476849,-13.39992,0.042443678,0.25281215,0.24693878,221.83098
16,0.12075963,-17.279423,0.020846039,0.047750268,0.2367347,229.927
16,0.09122641,-19.644115,0.023652017,0.015170096,0.22653063,238.63637
16,0.09792208,-20.311878,0.040988397,0.047248874,0.21632655,248.0315
16,0.13493139,-17.97269,0.07341675,0.09836422,0.20612246,258.19672
16,0.17674208,-15.87349,0.12623781,0.1402038,0.19591838,269.23077
16,0.19744441,-14.111375,0.11071988,0.16537257,0.1857143,281.25
16,0.18735845,-14.228034,0.12899017,0.11359764,0.17551021,294.39252
16,0.15674384,-15.318736,0.028350333,0.1206641,0.16530614,308.82352
16,0.12407273,-17.382607,0.03220972,0.016187876,0.15510206,324.74225
16,0.099979684,-18.846138,0.050340205,0.03106936,0.14489798,342.3913
16,0.0830722,-19.923412,0.03854302,0.07383223,0.13469386,362.06897
16,0.06777302,-21.718872,0.015571151,0.0843276,0.12448979,384.14636
16,0.051938105,-24.417622,0.010713644,0.022339359,0.11428571,409.0909
16,0.03913219,-26.29396,0.0141006475,0.019740397,0.10408163,437.50003
16,0.03875813,-25.647087,0.02246856,0.059810814,0.09387755,470.14926
16,0.06257636,-24.711624,0.035611264,0.08906796,0.08367348,508.0645
16,0.11406144,-21.112347,0.044542044,0.13080877,0.073469386,552.6316
16,0.17632706,-15.883269,0.12725535,0.1424302,0.0632653,605.7692
16,0.2164709,-12.372382,0.32686752,0.23754758,0.053061225,670.21277
16,0.2158642,-11.882827,0.17245442,0.3642371,0.04285714,750.0
16,0.19762197,-11.267764,0.030650675,0.10491533,0.052380957,675.0
16,0.21161085,-12.273969,0.18768644,0.015474522,0.061904762,613.63635
16,0.29062623,-11.479266,0.1272413,0.10552798,0.071428575,562.5
16,0.41643348,-8.962844,0.12211185,0.09439396,0.08095238,519.2308
16,0.51768494,-4.5508738,0.5728911,0.059606515,0.09047619,482.14285
16,0.52147025,-4.264285,0.5765757,0.27746665,0.10000001,449.99997
16,0.42429262,-4.305732,0.03998838,0.1979648,0.10142857,445.54456
16,0.2889061,-10.415034,0.063884236,0.0044116518,0.10285715,441.17645
16,0.17788047,-12.9453535,0.061078317,0.019304281,0.10428572,436.8932
16,0.113754965,-15.088496,0.035104167,0.036824256,0.10571428,432.69232
16,0.08867431,-17.59644,0.027879933,0.028616527,0.10714286,428.57144
16,0.08989202,-19.964909,0.036895275,0.042550214,0.108571425,424.52832
16,0.11209427,-20.553616,0.025983442,0.050237056,0.11,420.56073
16,0.15164736,-14.727134,0.09294859,0.055906035,0.11142857,416.6667
16,0.19842635,-13.506282,0.31385833,0.20661983,0.11285715,412.84402
16,0.23982985,-12.525743,0.05263946,0.3511022,0.11428571,409.0909
16,0.26681912,-11.646132,0.12692574,0.029256904,0.11688312,402.439
16,0.27328554,-11.313561,0.17489076,0.08537577,0.11948053,396.0
16,0.2571653,-11.579965,0.07150329,0.12000226,0.12207793,389.76376
16,0.2203664,-12.586583,0.08552176,0.08800438,0.124675326,383.72092
16,0.16994874,-13.50232,0.14280613,0.056401428,0.12727273,377.8626
16,0.12982315,-14.573213,0.04047214,0.109015085,0.12987013,372.18045
16,0.1451909,-14.26147,0.055666137,0.026234593,0.13246752,366.6667
16,0.25756308,-12.785085,0.23448738,0.048871595,0.13506493,361.31384
16,0.46257997,-8.808471,0.15640244,0.22150901,0.13766234,356.1151
16,0.6835239,-3.5626097,0.57351905,0.10250696,0.14025973,351.06384
16,0.80353576,-2.1506796,0.8628105,0.2947253,0.14285713,346.15384
16,0.7564945,-1.4938383,0.23560119,0.21900673,0.14945054,334.2857
16,0.5812497,-3.71453,0.19691871,0.035943255,0.15604396,323.20444
16,0.3792392,-6.3614416,0.096044324,0.04258332,0.16263737,312.83423
16,0.23274593,-10.133973,0.059139088,0.030135434,0.16923079,303.1088
16,0.16103892,-13.348744,0.061864134,0.024802983,0.17582417,293.96985
16,0.1350324,-15.231362,0.046501856,0.016816268,0.18241757,285.36584
16,0.11839393,-17.188404,0.036354873,0.039949816,0.189011,277.2512
16,0.09693498,-18.9114,0.03256672,0.036585234,0.1956044,269.58527
16,0.08171783,-20.594269,0.028038986,0.032614656,0.20219782,262.33185
16,0.09243056,-20.768547,0.0269032,0.057226762,0.2087912,255.45853
16,0.13468492,-18.279129,0.06025264,0.036514636,0.2153846,248.93617
16,0.18862532,-14.592269,0.17855038,0.12975457,0.22197802,242.73859
16,0.22185595,-13.11284,0.15653403,0.2811331,0.22857143,236.8421
16,0.21720123,-12.469991,0.08164561,0.12972364,0.22105263,243.58974
16,0.18681055,-13.993466,0.059114113,0.029171236,0.21353382,250.73314
16,0.16069645,-14.852048,0.05107976,0.052994456,0.20601505,258.30817
16,0.16092928,-16.64325,0.08217784,0.052412886,0.19849624,266.35513
16,0.18504424,-14.126456,0.09358947,0.080700785,0.19097744,274.91962
16,0.2123378,-13.4836645,0.17594704,0.08888157,0.18345866,284.05316
16,0.22369573,-12.88474,0.062130213,0.13445869,0.17593986,293.81445
16,0.21335877,-13.294057,0.14761612,0.05022026,0.16842104,304.27048
16,0.18487467,-14.169833,0.09861914,0.16284406,0.16090228,315.49814
16,0.14561072,-15.526942,0.031964626,0.06890606,0.15338346,327.5862
16,0.10449272,-17.960258,0.020040713,0.008464959,0.14586465,340.63745
16,0.06989211,-20.623253,0.0170764,0.04010179,0.13834585,354.7718
16,0.047530882,-24.033657,0.013615943,0.027326768,0.13082707,370.12988
16,0.039590985,-26.39751,0.012657178,0.023716085,0.12330828,386.8778
16,0.046409957,-25.710865,0.025895176,0.03812234,0.11578947,405.2133
16,0.06971844,-23.13826,0.03960175,0.09698172,0.10827068,425.37314
16,0.11254155,-19.67894,0.051965393,0.14031225,0.10075187,447.644
16,0.17207846,-17.154312,0.13272068,0.13064124,0.09323308,472.3757
16,0.23147276,-13.014312,0.10959662,0.25053966,0.08571428,500.0
16,0.2628723,-11.495351,0.27764264,0.13084814,0.09047619,482.14285
16,0.2472253,-11.203944,0.12799428,0.2409797,0.0952381,465.51724
16,0.19493155,-11.602641,0.05183236,0.05384041,0.10000001,449.99997
16,0.14218181,-15.429681,0.055873435,0.013512385,0.104761906,435.4839
16,0.1279338,-15.302569,0.030116215,0.028290132,0.10952381,421.875
16,0.17054898,-15.909825,0.15590002,0.044527862,0.11428571,409.0909
16,0.25596774,-13.224116,0.069029726,0.18607774,0.11904762,397.05884
16,0.34106013,-9.171124,0.29676232,0.102354005,0.12380953,385.71426
16,0.37678283,-8.063247,0.39835182,0.25032258,0.12857142,375.0
16,0.34549642,-7.9633036,0.09091137,0.15485236,0.12261905,388.48923
16,0.27250972,-10.775363,0.07305794,0.032265376,0.11666667,402.98508
16,0.19846807,-12.449925,0.057852082,0.045386124,0.11071429,418.60464
16,0.14649646,-14.81882,0.07815848,0.048162438,0.104761906,435.4839
16,0.11445088,-16.608673,0.029752115,0.035546575,0.098809525,453.78152
16,0.089120485,-19.668068,0.02156151,0.017266985,0.092857145,473.6842
16,0.06398574,-21.04034,0.022182537,0.032774225,0.086904764,495.41284
16,0.05035287,-22.220749,0.017808525,0.041794382,0.08095238,519.2308
16,0.07326015,-23.4819,0.020103352,0.035676043,0.075,545.4545
16,0.14818044,-15.387013,0.084415786,0.0796676,0.06904762,574.4681
16,0.2556483,-13.918889,0.31480324,0.23083775,0.06309524,606.7416
16,0.3429556,-8.175502,0.12392199,0.37847945,0.057142857,642.8571
16,0.35956174,-7.656684,0.5859844,0.09601284,0.073469386,552.6316
16,0.30419862,-7.8233595,0.06729293,0.26436725,0.08979592,484.6154
16,0.23612759,-10.885438,0.030337598,0.02489402,0.10612246,431.50684
16,0.22337127,-14.085418,0.059812333,0.012245446,0.12244898,388.8889
16,0.28147307,-9.753871,0.09288922,0.04715287,0.13877551,353.9326
16,0.36018306,-7.154891,0.50523627,0.073794685,0.15510206,324.74225
16,0.39163706,-6.900487,0.29228097,0.32996783,0.17142856,300.0
16,0.3547251,-6.6049547,0.05707766,0.1424465,0.1752381,294.75983
16,0.27920628,-10.629674,0.106011786,0.018181683,0.1790476,289.6996
16,0.20301469,-11.940055,0.15337154,0.030154558,0.18285714,284.81012
16,0.14613187,-13.357604,0.022427505,0.072676614,0.18666668,280.08298
16,0.110331774,-17.335938,0.04228859,0.026465902,0.19047618,275.51022
16,0.08790328,-19.481136,0.024690466,0.03337574,0.19428572,271.08432
16,0.07049072,-21.953583,0.015189611,0.0456801,0.19809525,266.79843
16,0.053834993,-24.213623,0.013000734,0.021303643,0.20190476,262.6459
16,0.039658073,-25.832897,0.017601717,0.026127005,0.20571429,258.6207
16,0.036728512,-25.995964,0.022377653,0.06056527,0.20952383,254.71698
16,0.05839371,-23.517529,0.03204038,0.072023205,0.21333332,250.92937
16,0.11261681,-20.26028,0.07073993,0.12105236,0.21714287,247.25275
16,0.18907325,-15.767774,0.09716743,0.21284643,0.22095239,243.68231
16,0.25733534,-12.2215605,0.25616935,0.23873767,0.2247619,240.21352
16,0.28641734,-10.487145,0.25390244,0.26597708,0.22857143,236.8421
16,0.27384302,-9.889356,0.11354057,0.12746684,0.22932331,236.18785
16,0.24902634,-11.584607,0.075112365,0.02557377,0.2300752,235.53719
16,0.24231756,-12.943604,0.0859754,0.039400678,0.23082708,234.8901
16,0.2546896,-11.92398,0.18174303,0.07677097,0.23157896,234.24658
16,0.25992304,-11.186568,0.1673239,0.13969733,0.23233084,233.60655
16,0.23542957,-11.498288,0.11125359,0.10378274,0.23308271,232.97003
16,0.18484627,-13.2114935,0.048250876,0.06515981,0.2338346,232.33696
16,0.13000837,-16.34304,0.039666895,0.033042602,0.23458648,231.7073
16,0.08921381,-19.107964,0.030345306,0.038544443,0.23533836,231.08107
16,0.06631261,-21.019054,0.02528069,0.023906272,0.23609024,230.45822
16,0.054527927,-23.526283,0.02107023,0.0152051905,0.23684213,229.8387
16,0.04604061,-25.500214,0.01585929,0.0461443,0.23759401,229.22252
16,0.03821555,-27.807552,0.010986558,0.034276098,0.23834588,228.60962
16,0.034035504,-27.688671,0.013071684,0.047115836,0.23909776,227.99998
16,0.040090434,-26.823238,0.027401015,0.04682294,0.23984964,227.39362
16,0.06290838,-25.450531,0.02651988,0.11683777,0.24060152,226.79044
16,0.1014385,-21.488075,0.045350865,0.11879734,0.24135341,226.19046
16,0.14071886,-19.066936,0.13224015,0.14709859,0.24210529,225.59366
16,0.15804596,-14.880002,0.14079505,0.29994035,0.24285717,224.99998
16,0.14254214,-14.943519,0.15776068,0.13303314,0.24214287,225.5639
16,0.1095157,-15.56121,0.014049888,0.088090315,0.24142857,226.13066
16,0.089158736,-20.76537,0.020710211,0.028384171,0.24071431,226.70024
16,0.10012682,-20.184387,0.041047048,0.020281581,0.24000001,227.27274
16,0.13723528,-16.959026,0.090530366,0.058957387,0.23928571,227.84811
16,0.18194461,-14.200238,0.1560998,0.18543154,0.23857145,228.42639
16,0.22090733,-13.250688,0.20786065,0.20248292,0.23785715,229.00764
16,0.25290555,-12.492188,0.11540066,0.16031899,0.23714288,229.59183
16,0.2773503,-12.165956,0.11479661,0.09773653,0.23642859,230.17903
16,0.2823326,-10.196923,0.23538825,0.062679075,0.23571429,230.76924
16,0.2547002,-10.516389,0.16854875,0.1347616,0.23500001,231.36246
16,0.19979863,-11.71223,0.023061622,0.07673962,0.23428573,231.95877
16,0.13833211,-16.222076,0.02835236,0.016471066,0.23357143,232.55815
16,0.08729141,-19.0298,0.03386858,0.021220421,0.23285715,233.16061
16,0.054070856,-20.868927,0.034372855,0.0592446,0.23214287,233.76624
16,0.04547665,-22.324017,0.019766593,0.039854348,0.2314286,234.37498
16,0.072170176,-23.637459,0.022407036,0.02961308,0.23071429,234.98694
16,0.13649236,-20.328728,0.046676002,0.034947082,0.23,235.6021
16,0.21536697,-13.398742,0.16272017,0.13578749,0.22928573,236.22046
16,0.2661826,-11.180173,0.3594165,0.28817558,0.22857143,236.8421
16,0.26280275,-10.628842,0.11524206,0.29780367,0.22030075,244.2857
16,0.22311133,-11.401465,0.058325123,0.057116173,0.2120301,252.21239
16,0.1910325,-14.315143,0.063539475,0.040124994,0.2037594,260.67075
16,0.19471923,-15.43645,0.063556045,0.046315715,0.19548872,269.7161
16,0.22386123,-12.027911,0.22533786,0.061554182,0.18721806,279.41174
16,0.24417463,-11.369685,0.23646888,0.18485875,0.17894737,289.8305
16,0.233039,-10.933354,0.068694554,0.12761022,0.1706767,301.05634
16,0.1969568,-13.742496,0.098757386,0.044931076,0.16240603,313.1868
16,0.15811941,-14.353421,0.03222383,0.06974918,0.15413535,326.33588
16,0.13042173,-16.532673,0.106901295,0.012815298,0.14586465,340.63745
16,0.11088062,-17.350441,0.047516406,0.071635656,0.137594,356.24997
16,0.09045663,-18.79615,0.022619205,0.0410042,0.1293233,373.36246
16,0.06532948,-22.274055,0.019565897,0.039547887,0.12105264,392.20184
16,0.04106837,-24.35793,0.017693555,0.019333655,0.112781964,413.04346
16,0.032685056,-26.090984,0.017404828,0.02734069,0.104511276,436.2245
16,0.059240863,-23.69751,0.0319021,0.039608583,0.0962406,462.16214
16,0.12991178,-19.111603,0.08243583,0.106337205,0.08796993,491.3793
16,0.22751346,-13.756856,0.16318192,0.19844985,0.07969925,524.5399
16,0.30640125,-9.913016,0.23099773,0.24807763,0.071428575,562.5
16,0.31807688,-8.904445,0.2912111,0.19788672,0.08214286,514.2857
16,0.252151,-9.661056,0.121171705,0.1666433,0.092857145,473.6842
16,0.1572958,-10.284717,0.03007181,0.047571223,0.10357143,439.02438
16,0.1143697,-16.063145,0.030252717,0.020390226,0.11428571,409.0909
16,0.17843421,-16.528275,0.059034895,0.037669715,0.125,382.97873
16,0.33075005,-10.974256,0.14644012,0.050576773,0.13571428,360.0
16,0.47955835,-5.3851347,0.51370144,0.19422875,0.14642856,339.62265
16,0.52848506,-4.755172,0.5464734,0.32900986,0.15714286,321.42856
16,0.46116567,-4.9491434,0.112606175,0.16959509,0.14897959,335.10638
16,0.3418178,-9.05528,0.09029043,0.048612468,0.14081633,350.0
16,0.23947932,-10.842887,0.09828002,0.044481233,0.13265306,366.27908
16,0.1781168,-12.239844,0.1427004,0.029695192,0.12448979,384.14636
16,0.1456927,-13.446471,0.022882534,0.048452016,0.11632653,403.84613
16,0.121322066,-17.860527,0.0395031,0.019793391,0.10816326,425.6757
16,0.092060804,-19.163322,0.025946455,0.02545749,0.10000001,449.99997
16,0.061075427,-21.35485,0.024603248,0.048852146,0.091836736,477.27274
16,0.049536873,-22.380608,0.030424723,0.04598482,0.08367348,508.0645
16,0.086944915,-19.557503,0.034441564,0.054434963,0.075510204,543.10345
16,0.18631269,-16.823124,0.14902401,0.10187405,0.06734694,583.3333
16,0.31791303,-11.44527,0.13922504,0.2406194,0.059183676,630.0
16,0.4118109,-6.1311617,0.3878129,0.15940432,0.051020414,684.7826
16,0.40930197,-5.9091883,0.6110509,0.2801874,0.04285714,750.0
16,0.3301369,-5.7667723,0.042579345,0.20475148,0.059523813,627.907
16,0.26522985,-12.044679,0.06760173,0.017767824,0.07619048,540.0
16,0.287536,-13.168578,0.057754807,0.04624514,0.092857145,473.6842
16,0.37991503,-5.8699865,0.25388587,0.02485602,0.10952381,421.875
16,0.45473295,-5.325322,0.837796,0.17562452,0.12619047,380.2817
16,0.44818887,-5.026311,0.10484101,0.2995424,0.14285713,346.15384
16,0.37498692,-8.814824,0.08018436,0.03527452,0.13736263,356.7073
16,0.28722265,-10.254924,0.14312732,0.023978982,0.13186812,367.92453
16,0.21732707,-11.446876,0.13254014,0.06920517,0.12637362,379.87012
16,0.1676503,-12.215653,0.060630303,0.05032812,0.12087912,392.61746
16,0.12895393,-15.671329,0.027453532,0.011607007,0.115384616,406.25
16,0.094595306,-19.204792,0.027760074,0.011328702,0.10989011,420.8633
16,0.065475695,-21.39925,0.016370533,0.02555228,0.104395606,436.56717
16,0.05153539,-22.964111,0.028495766,0.008433253,0.0989011,453.48837
16,0.071587786,-20.239021,0.053474464,0.07876551,0.093406595,471.7742
16,0.1462455,-18.106586,0.122341774,0.16208364,0.08791209,491.59662
16,0.27740118,-15.13164,0.07379683,0.1859564,0.082417585,513.1579
16,0.42635214,-6.098092,0.46190175,0.15042745,0.07692308,536.69727
16,0.5256469,-5.156085,0.68309635,0.31323266,0.071428575,562.5
16,0.5311838,-4.62037,0.092403606,0.2232288,0.07678571,537.3134
16,0.45305702,-5.967004,0.18300039,0.035587918,0.08214286,514.2857
16,0.34266108,-7.3071947,0.3477473,0.07251832,0.087500006,493.15067
16,0.26808622,-8.390796,0.042857304,0.11090237,0.092857145,473.6842
16,0.2752993,-12.320527,0.06610793,0.012133106,0.098214276,455.69623
16,0.3508128,-9.128642,0.22266343,0.050954767,0.10357143,439.02438
16,0.431279,-7.455245,0.4215883,0.163509,0.10892857,423.52942
16,0.45827377,-6.278144,0.26242593,0.2460591,0.11428571,409.0909
16,0.42154196,-7.3465357,0.17707793,0.09210266,0.11168831,415.9664
16,0.35210153,-8.633012,0.100922406,0.056283936,0.10909091,423.07693
16,0.28227136,-10.027543,0.14050578,0.024650961,0.10649351,430.43478
16,0.2210209,-11.281272,0.15647416,0.047169868,0.10389611,438.0531
16,0.16519025,-12.312709,0.029347915,0.06667938,0.101298705,445.94592
16,0.1154958,-17.171509,0.024826376,0.015925664,0.09870129,454.12845
16,0.07921473,-19.541862,0.03942832,0.019032398,0.09610389,462.61685
16,0.06948779,-21.137234,0.027840773,0.06663386,0.09350649,471.4286
16,0.10268979,-19.422337,0.033516776,0.039289106,0.09090909,480.58252
16,0.1873619,-14.667403,0.1840249,0.05424732,0.088311695,490.099
16,0.31014493,-11.980191,0.19305412,0.2778449,0.08571428,500.0
16,0.43142712,-8.67225,0.22959797,0.21603507,0.09365079,470.93027
16,0.498323,-6.6582384,0.29817623,0.1833006,0.1015873,445.05496
16,0.47800645,-5.869975,0.21141513,0.12243238,0.10952381,421.875
16,0.39322528,-6.866246,0.12168031,0.084681004,0.11746031,400.9901
16,0.31827462,-8.140094,0.0914467,0.034139708,0.12539682,382.07547
16,0.3219439,-10.635631,0.15280963,0.040463723,0.13333334,364.86487
16,0.41088963,-6.1824484,0.15741599,0.08542863,0.14126985,349.1379
16,0.52761906,-5.273835,0.5829768,0.106173016,0.14920634,334.71075
16,0.6007134,-4.701682,0.20329049,0.27679998,0.15714286,321.42856
16,0.59363735,-4.3667154,0.23993756,0.08148159,0.16122448,315.0
16,0.5108245,-5.169772,0.30106404,0.07368288,0.16530614,308.82352
16,0.3870776,-5.672778,0.10475369,0.06345064,0.16938776,302.8846
16,0.26844025,-9.223716,0.076630004,0.02520581,0.17346938,297.16983
16,0.18565995,-12.482423,0.045854297,0.03186055,0.17755103,291.66666
16,0.14047453,-15.227803,0.067217536,0.011679836,0.18163265,286.36365
16,0.11542757,-16.868656,0.07483471,0.056950178,0.1857143,281.25
16,0.09660564,-17.94011,0.02746402,0.0575713,0.18979593,276.3158
16,0.087602,-19.92749,0.035879888,0.040604334,0.19387753,271.55173
16,0.104215994,-19.424751,0.035303347,0.058697823,0.19795918,266.94916
16,0.15523902,-18.753826,0.1005943,0.04839579,0.2020408,262.5
16,0.22494198,-12.219188,0.12062305,0.18082508,0.20612246,258.19672
16,0.2767265,-10.71474,0.37930268,0.15732226,0.21020408,254.03226
16,0.28268927,-10.07722,0.11310057,0.32116598,0.2142857,250.0
16,0.24947712,-11.102061,0.073383234,0.060573604,0.24920636,220.10869
16,0.21022202,-12.97474,0.09845527,0.040174406,0.284127,196.60193
16,0.19585678,-14.021977,0.08367882,0.10076124,0.3190476,177.63159
16,0.21046725,-12.425422,0.06533736,0.032590795,0.35396826,162.0
16,0.22799729,-11.9992,0.2935853,0.05780508,0.3888889,148.89706
16,0.21765384,-11.841783,0.10049216,0.22483599,0.42380953,137.75511
16,0.17429164,-12.60039,0.0431557,0.044507027,0.45873016,128.16457
16,0.118587,-16.88242,0.034794595,0.023546647,0.49365082,119.82248
16,0.074351445,-20.015255,0.02182494,0.018496793,0.5285715,112.49999
16,0.050698943,-23.339592,0.015491223,0.040976703,0.563492,106.02095
16,0.041311737,-25.585876,0.01849757,0.011604498,0.59841263,100.24753
16,0.035854336,-26.797565,0.012302965,0.061561417,0.63333327,95.07043
16,0.031073507,-28.54404,0.012357012,0.037552744,0.6682539,90.40179
16,0.032879695,-28.995255,0.014082103,0.03969968,0.70317453,86.17021
16,0.04889051,-28.180794,0.017746257,0.078713685,0.73809516,82.31708
16,0.077829026,-22.018738,0.037381653,0.08310271,0.77301586,78.79378
16,0.10588076,-19.808815,0.1219944,0.15886916,0.8079365,75.5597
16,0.11657324,-18.002396,0.046900947,0.28782207,0.8428571,72.58064
16,0.10655479,-18.59227,0.037384097,0.07427371,0.8334101,73.36314
16,0.09006646,-19.663445,0.018394975,0.05222887,0.8239631,74.16268
16,0.08620386,-20.08274,0.023094336,0.051290743,0.8145161,74.97984
16,0.10242832,-18.814972,0.12331612,0.054249678,0.80506915,75.815216
16,0.13059421,-18.008404,0.08305049,0.22495933,0.7956221,76.66941
16,0.15447417,-16.017601,0.04954891,0.10091847,0.7861751,77.54308
16,0.15875237,-15.796535,0.16208485,0.069378845,0.7767281,78.43689
16,0.13827787,-15.89614,0.05678667,0.18801126,0.76728106,79.35154
16,0.103583686,-17.831268,0.025769316,0.052385587,0.7578341,80.28777
16,0.07257526,-21.279526,0.017963847,0.022222495,0.7483871,81.24636
16,0.055711973,-23.701843,0.016235895,0.025902279,0.73894006,82.22811
16,0.05043029,-24.594067,0.053523254,0.030502595,0.7294931,83.23389
16,0.048347116,-24.790691,0.013894455,0.11015123,0.72004604,84.26457
16,0.04482474,-26.752949,0.013947052,0.036247063,0.71059906,85.321106
16,0.041755207,-27.496468,0.016511353,0.036415797,0.701152,86.40446
16,0.04426122,-27.204666,0.020284047,0.088997826,0.69170505,87.515686
16,0.055810485,-25.427788,0.023794511,0.07531111,0.68225807,88.65586
16,0.074675344,-23.443298,0.04518474,0.085041605,0.67281103,89.82614
16,0.09297125,-22.14544,0.051058337,0.1458484,0.66336405,91.027725
16,0.10002159,-20.206757,0.053387724,0.13920994,0.653917,92.26191
16,0.09043119,-20.16563,0.051733334,0.105174586,0.64447,93.53001
16,0.07228527,-20.737892,0.02623943,0.08492358,0.635023,94.83345
16,0.065589316,-22.614536,0.010474792,0.03902141,0.625576,96.17374
16,0.087663144,-22.022217,0.03267753,0.028819485,0.61612904,97.552444
16,0.13714787,-18.173275,0.10301771,0.090136684,0.606682,98.97126
16,0.19228992,-15.47573,0.14118147,0.21806803,0.597235,100.43196
16,0.22552206,-13.562579,0.14004135,0.19790362,0.587788,101.93643
16,0.22109973,-13.240882,0.11718442,0.13966994,0.57834095,103.48665
16,0.18340595,-14.013223,0.06546148,0.08429977,0.56889397,105.08475
16,0.13136359,-15.983743,0.036431797,0.030065203,0.559447,106.73298
16,0.08468698,-19.21373,0.030179583,0.056927398,0.55,108.43373
16,0.054168202,-21.744476,0.016524797,0.03541187,0.540553,110.18957
16,0.040754277,-25.327858,0.014314518,0.015572292,0.531106,112.003204
16,0.039199684,-27.259064,0.013948362,0.027886484,0.52165896,113.877556
16,0.042251054,-26.885048,0.020510282,0.037880562,0.512212,115.8157
16,0.044623706,-26.229225,0.049249146,0.07994916,0.502765,117.820946
16,0.046475764,-25.961044,0.018008238,0.1320153,0.493318,119.896866
16,0.053279802,-26.079155,0.017512692,0.07839621,0.48387098,122.04724
16,0.06992424,-24.759666,0.036373362,0.06804563,0.47442394,124.27618
16,0.094321,-21.09719,0.0583784,0.15035275,0.46497697,126.58802
16,0.11754908,-19.034187,0.101085186,0.15249395,0.45552996,128.98752
16,0.13097253,-17.629452,0.0690056,0.16020651,0.44608298,131.47974
16,0.13298696,-17.423378,0.04890455,0.08831143,0.43663594,134.07016
16,0.12963092,-16.673206,0.0737349,0.042331237,0.42718893,136.76471
16,0.1320872,-17.10593,0.09136379,0.07834181,0.41774195,139.56978
16,0.15135126,-16.882324,0.026995415,0.10634028,0.40829492,142.49234
16,0.1872105,-15.5327425,0.09567621,0.05514562,0.39884794,145.5399
16,0.22260335,-13.282283,0.1800033,0.1587586,0.38940093,148.72069
16,0.23684531,-12.610763,0.12922782,0.1957833,0.37995395,152.0436
16,0.22439083,-12.531388,0.067947164,0.11284741,0.3705069,155.5184
16,0.19585153,-14.121726,0.08533976,0.06388781,0.3610599,159.15573
16,0.16431227,-14.6931925,0.04857712,0.052582562,0.35161293,162.96729
16,0.13555187,-16.33284,0.075259544,0.023968646,0.3421659,166.9659
16,0.10921497,-17.327145,0.03844549,0.06902417,0.3327189,171.16565
16,0.08337758,-20.28917,0.015395854,0.05707533,0.3232719,175.58212
16,0.057151295,-23.37442,0.018035615,0.014898973,0.3138249,180.23256
16,0.035962842,-24.449764,0.016748039,0.01769081,0.30437788,185.13603
16,0.03703056,-24.75227,0.030941825,0.04716024,0.29493088,190.31378
16,0.08488735,-21.718914,0.047283214,0.15043887,0.2854839,195.78947
16,0.19231513,-18.143997,0.09681642,0.14318177,0.2760369,201.58958
16,0.33906183,-9.035163,0.33597505,0.21304972,0.26658985,207.74387
16,0.47550747,-5.9501104,0.5675313,0.31251627,0.25714287,214.28572
16,0.56002194,-4.3217115,0.2325078,0.2536058,0.25986397,212.35954
16,0.5908243,-4.902028,0.30012012,0.08890436,0.26258504,210.46771
16,0.5962979,-3.7200289,0.19708568,0.106849715,0.26530614,208.60927
16,0.59292674,-4.353099,0.42669705,0.05271905,0.26802722,206.78337
16,0.5664077,-4.0171957,0.22264194,0.11326441,0.27074832,204.98915
16,0.49761885,-4.936965,0.2254585,0.05580464,0.27346942,203.2258
16,0.39142385,-6.661313,0.11763628,0.063403994,0.2761905,201.49254
16,0.27786115,-9.03848,0.077846564,0.028711725,0.2789116,199.78857
16,0.18703863,-12.5152025,0.061013978,0.028757833,0.28163266,198.11322
16,0.12965842,-15.051627,0.057801977,0.026590783,0.28435376,196.4657
16,0.09937899,-17.215889,0.028039923,0.03930299,0.28707486,194.84535
16,0.08445292,-19.9911,0.020364208,0.035843138,0.2897959,193.25154
16,0.0748648,-22.598274,0.020539127,0.014169119,0.292517,191.68356
16,0.064133555,-23.49921,0.020590525,0.037910834,0.29523808,190.14085
16,0.053328015,-23.077618,0.038293283,0.046662387,0.29795918,188.62276
16,0.05824698,-19.728619,0.04477979,0.09298602,0.30068028,187.12871
16,0.10799463,-18.077564,0.13062385,0.11733753,0.30340135,185.65816
16,0.22200444,-16.857307,0.089615785,0.2341805,0.30612245,184.21053
16,0.37426764,-9.015777,0.114014424,0.13420339,0.30884352,182.78531
16,0.48639342,-4.814597,0.72061014,0.12467435,0.31156462,181.38196
16,0.48921058,-4.5489664,0.33892143,0.38752887,0.31428573,180.0
16,0.39844868,-5.589427,0.043565147,0.054134246,0.30685717,183.82352
16,0.29625326,-10.704734,0.07639816,0.031673837,0.29942858,187.81302
16,0.24537182,-11.450204,0.16422053,0.053481966,0.292,191.97954
16,0.2472305,-10.667174,0.1617207,0.113396764,0.2845714,196.33508
16,0.26679596,-10.942538,0.11753297,0.11744731,0.27714285,200.89287
16,0.27141568,-10.801021,0.06290983,0.060474295,0.2697143,205.66728
16,0.246712,-11.571265,0.17794941,0.031103982,0.2622857,210.67416
16,0.19671662,-12.30689,0.092200354,0.11116671,0.25485715,215.93091
16,0.14019252,-14.980754,0.024791079,0.05709175,0.24742858,221.4567
16,0.09613377,-18.725235,0.017880838,0.0157043,0.24000001,227.27274
16,0.070199095,-21.395725,0.03351017,0.018511329,0.23257144,233.4025
16,0.058287773,-21.892258,0.017639104,0.04349169,0.22514287,239.87207
16,0.059973896,-22.966866,0.026316917,0.038259763,0.2177143,246.71053
16,0.08453269,-21.54411,0.030024696,0.06584536,0.21028572,253.95033
16,0.14085406,-19.324547,0.098168455,0.09458887,0.20285712,261.62793
16,0.21829374,-14.829562,0.109971404,0.20656636,0.19542857,269.78418
16,0.28030065,-10.954417,0.2560102,0.17085354,0.188,278.46536
16,0.28779817,-10.511807,0.23065788,0.2194415,0.18057142,287.7238
16,0.23680183,-11.134997,0.06674926,0.12396119,0.17314285,297.61905
16,0.16801235,-13.298194,0.038952038,0.04951059,0.16571428,308.21918
16,0.140531,-15.366996,0.08161019,0.01694977,0.1582857,319.60226
16,0.19682004,-13.800405,0.045643456,0.061247684,0.15085714,331.8584
16,0.33251527,-13.03449,0.15215747,0.03517448,0.14342858,345.09204
16,0.48702937,-5.349778,0.3003201,0.2037779,0.136,359.42493
16,0.5767785,-4.336526,0.7075216,0.2836722,0.12857142,375.0
16,0.5607279,-3.9132109,0.16322044,0.24036507,0.12380953,385.71426
16,0.4676444,-6.132865,0.17653936,0.04706969,0.11904762,397.05884
16,0.35175768,-8.229112,0.18489823,0.04911176,0.11428571,409.0909
16,0.24910785,-8.927968,0.075067714,0.047877647,0.10952381,421.875
16,0.17022316,-12.624915,0.047146395,0.041566156,0.104761906,435.4839
16,0.11089645,-16.505863,0.03900493,0.016749393,0.10000001,449.99997
16,0.06791967,-19.171127,0.030783478,0.03649291,0.0952381,465.51724
16,0.051601086,-21.395618,0.025321024,0.03867494,0.09047619,482.14285
16,0.083815865,-21.41272,0.03263452,0.029084869,0.08571428,500.0
16,0.17722717,-14.245246,0.071014985,0.060394257,0.08095238,519.2308
16,0.31082076,-9.213105,0.4908569,0.20098333,0.07619048,540.0
16,0.43219858,-6.8681746,0.33714107,0.41994116,0.071428575,562.5
16,0.49335265,-5.770747,0.26950824,0.16509439,0.11428571,409.0909
16,0.48381862,-5.8463964,0.19221655,0.17680617,0.15714286,321.42856
16,0.4401129,-5.9149714,0.3344034,0.058914077,0.2,264.70587
16,0.42897207,-6.692931,0.14770369,0.07946646,0.24285717,224.99998
16,0.49831772,-7.263711,0.14208664,0.03147705,0.2857143,195.65218
16,0.62078667,-4.847659,0.33690068,0.048538826,0.32857144,173.07692
16,0.7008045,-2.7779875,0.691485,0.14091313,0.37142858,155.17242
16,0.6609894,-2.6923914,0.35186523,0.23848706,0.41428572,140.625
16,0.5159664,-3.679761,0.117395036,0.06677052,0.40357143,144.0
16,0.3465986,-8.177957,0.0729937,0.021774774,0.39285716,147.54099
16,0.22156756,-10.918696,0.11076557,0.012951983,0.38214287,151.2605
16,0.15723634,-12.938031,0.06622166,0.041713737,0.37142858,155.17242
16,0.13117999,-15.623412,0.03228955,0.029043011,0.3607143,159.29204
16,0.11344483,-17.808064,0.03829703,0.02769266,0.35000002,163.63635
16,0.0908057,-18.992805,0.060976252,0.028568078,0.3392857,168.2243
16,0.0756012,-20.506435,0.027038485,0.07695082,0.32857144,173.07692
16,0.09424482,-20.080872,0.018263124,0.06270575,0.31785715,178.21782
16,0.16115196,-16.980766,0.1246417,0.057723556,0.30714285,183.67348
16,0.26109806,-12.241193,0.18594298,0.25125816,0.29642856,189.4737
16,0.35761976,-9.055575,0.2655525,0.21522564,0.2857143,195.65218
16,0.42053112,-7.4205465,0.39797783,0.20137873,0.275,202.24721
16,0.44876313,-7.6626654,0.21365675,0.20824116,0.2642857,209.30232
16,0.46414998,-4.760228,0.11561993,0.04075488,0.25357145,216.86746
16,0.48524228,-5.4602556,0.6183525,0.044950835,0.24285717,224.99998
16,0.51706433,-5.432765,0.060286663,0.20861298,0.23214287,233.76624
16,0.541772,-4.406432,0.27074125,0.028677322,0.22142859,243.24324
16,0.5187759,-4.3666296,0.60149497,0.09287483,0.21071428,253.52113
16,0.4318012,-4.3306093,0.07794183,0.1819898,0.2,264.70587
16,0.3151607,-8.958779,0.09099843,0.025835155,0.18928573,276.92307
16,0.21616574,-12.048018,0.069699004,0.0438625,0.17857142,290.32257
16,0.15502222,-13.995231,0.07721793,0.031234866,0.16785714,305.08475
16,0.122948006,-15.834096,0.040359758,0.055938706,0.15714286,321.42856
16,0.103616856,-18.063812,0.029157113,0.018510345,0.14642856,339.62265
16,0.08943214,-20.129467,0.030226426,0.032855965,0.13571428,360.0
16,0.08537688,-20.0923,0.05084244,0.030712998,0.125,382.97873
16,0.10570468,-18.853653,0.06178799,0.0755437,0.11428571,409.0909
16,0.16335346,-16.436699,0.047003318,0.108693406,0.10357143,439.02438
16,0.25255466,-12.74849,0.16172028,0.08529826,0.092857145,473.6842
16,0.33906406,-10.160224,0.34269017,0.23978636,0.08214286,514.2857
16,0.37565568,-8.422059,0.24170446,0.28270704,0.071428575,562.5
16,0.3363744,-9.107686,0.15919939,0.14595361,0.094642855,467.53247
16,0.24142395,-10.1043005,0.060273264,0.06538057,0.11785715,399.99997
16,0.15252219,-13.195859,0.083015025,0.019670341,0.14107142,349.51456
16,0.14356177,-14.513892,0.032804314,0.038904868,0.16428572,310.34485
16,0.2568995,-13.071631,0.10450149,0.02806961,0.18750001,279.06976
16,0.46196243,-8.10189,0.2659398,0.1232987,0.21071428,253.52113
16,0.6562901,-3.7104387,0.6315688,0.21157034,0.23392858,232.25807
16,0.73211515,-2.6952229,0.60708785,0.2964165,0.25714287,214.28572
16,0.6611727,-2.704814,0.16097137,0.1531252,0.2510204,218.75002
16,0.50567836,-4.9724417,0.116700746,0.034487695,0.24489798,223.40425
16,0.35065216,-7.7467146,0.22981028,0.03663915,0.23877552,228.26088
16,0.24420626,-9.299109,0.060100272,0.06966531,0.23265308,233.33331
16,0.1875453,-12.648076,0.059262373,0.012041906,0.22653063,238.63637
16,0.15637326,-14.6507845,0.048669674,0.031298712,0.22040816,244.18604
16,0.12751746,-16.545677,0.03588063,0.01704093,0.2142857,250.0
16,0.09514765,-19.1082,0.04390035,0.019077918,0.20816328,256.09756
16,0.07525824,-19.500622,0.032780267,0.083325535,0.2020408,262.5
16,0.0987177,-19.163078,0.05823409,0.045097705,0.19591838,269.23077
16,0.18892626,-16.654339,0.08288819,0.11817935,0.18979593,276.3158
16,0.3296309,-13.187175,0.19474562,0.13851435,0.18367346,283.78378
16,0.45274913,-6.37609,0.39232546,0.21288982,0.17755103,291.66666
16,0.4810108,-5.7350054,0.6158397,0.24143736,0.17142856,300.0
16,0.40401715,-5.4987364,0.109293684,0.23191889,0.16530614,308.82352
16,0.30019507,-8.959575,0.09258466,0.022453686,0.15918368,318.18182
16,0.27565834,-10.530568,0.088259585,0.029314462,0.15306121,328.125
16,0.38097274,-11.131026,0.112491705,0.040705,0.14693879,338.7097
16,0.56405616,-4.139819,0.2813272,0.091944665,0.14081633,350.0
16,0.7013743,-2.8607292,0.91626376,0.17528477,0.13469386,362.06897
16,0.7058116,-2.0931435,0.27321392,0.3216028,0.12857142,375.0
16,0.600468,-3.7433558,0.20690194,0.061580494,0.1404762,350.64935
16,0.4710601,-5.8508787,0.11588487,0.02776521,0.15238096,329.2683
16,0.375366,-7.3908224,0.22870177,0.040804826,0.16428572,310.34485
16,0.31325918,-8.344449,0.13114147,0.09510236,0.17619048,293.47827
16,0.2601947,-9.489282,0.066212386,0.0400479,0.18809524,278.35052
16,0.20088603,-13.015677,0.052553523,0.020771647,0.2,264.70587
16,0.13797393,-15.398801,0.035618927,0.023388242,0.21190476,252.33644
16,0.08840876,-17.938667,0.03227933,0.03999115,0.22380953,241.07143
16,0.07624777,-19.722328,0.030387131,0.044369355,0.23571429,230.76924
16,0.1202363,-16.025372,0.048289847,0.05860435,0.24761905,221.31148
16,0.217221,-13.751393,0.2581057,0.13208115,0.2595238,212.59843
16,0.3334863,-10.949065,0.11802258,0.28628778,0.27142856,204.54546
16,0.4161034,-7.348035,0.2931773,0.09546243,0.26103896,211.53847
16,0.42542487,-6.954589,0.27532503,0.14202668,0.25064936,219.02655
16,0.37035882,-6.9300776,0.16346473,0.11824112,0.24025974,227.06422
16,0.30051512,-10.365918,0.07770169,0.0844461,0.22987014,235.7143
16,0.26126578,-10.116027,0.07715695,0.039815094,0.21948053,245.0495
16,0.26530287,-10.006303,0.2698954,0.0442003,0.2090909,255.15463
16,0.3012996,-9.827441,0.1360411,0.15409845,0.1987013,266.12903
16,0.35234264,-10.168317,0.11193252,0.06545647,0.1883117,278.08987
16,0.39454287,-7.5786867,0.21169867,0.072146505,0.17792207,291.17648
16,0.39861587,-7.4035177,0.52946097,0.13292663,0.16753247,305.55554
16,0.35333243,-7.3071146,0.07159492,0.14769763,0.15714286,321.42856
16,0.2772279,-10.405101,0.10418731,0.019549958,0.14675324,339.0411
16,0.20059718,-12.163362,0.060912523,0.05020542,0.13636364,358.69565
16,0.1430552,-14.97774,0.041893445,0.039909348,0.12597403,380.76923
16,0.10441054,-17.840382,0.03506865,0.02670849,0.11558441,405.73773
16,0.074919894,-19.843708,0.024679665,0.023834258,0.10519481,434.2105
16,0.055658165,-21.018494,0.02361428,0.019615358,0.09480519,466.98114
16,0.06821332,-20.523201,0.041251723,0.059621528,0.084415585,505.10205
16,0.13962457,-19.07417,0.11306743,0.0815527,0.07402597,550.0
16,0.26764947,-12.821073,0.06760778,0.20339864,0.06363637,603.6585
16,0.3957315,-7.3052225,0.36396727,0.077707,0.05324675,668.91895
16,0.44155937,-5.966075,0.562252,0.28546795,0.04285714,750.0
16,0.37848908,-5.866187,0.13940375,0.3051201,0.057142857,642.8571
16,0.27639684,-9.065312,0.050390724,0.030661236,0.071428575,562.5
16,0.23845278,-13.278638,0.05387505,0.012833143,0.08571428,500.0
16,0.3044191,-11.518378,0.10485713,0.03263234,0.10000001,449.99997
16,0.418043,-6.2532034,0.39109322,0.09399685,0.11428571,409.0909
16,0.48464593,-5.5730257,0.5812487,0.30321953,0.12857142,375.0
16,0.45797464,-5.520089,0.07602126,0.27106076,0.13571428,360.0
16,0.36402455,-8.781081,0.13705142,0.01722838,0.14285713,346.15384
16,0.25821695,-10.264754,0.09718459,0.033807777,0.15000002,333.3333
16,0.17914446,-12.762351,0.05195325,0.05349917,0.15714286,321.42856
16,0.13245519,-15.036069,0.038566917,0.018090932,0.16428572,310.34485
16,0.102937244,-17.738762,0.045538846,0.02666539,0.17142856,300.0
16,0.07696771,-19.705078,0.029334197,0.03464287,0.17857142,290.32257
16,0.056275275,-22.492638,0.019417943,0.03291938,0.1857143,281.25
16,0.055629637,-24.50837,0.019962043,0.023648761,0.19285715,272.72726
16,0.08819676,-21.416939,0.027220057,0.051494725,0.2,264.70587
16,0.14944117,-17.056213,0.13219668,0.05874995,0.20714284,257.14285
16,0.21428333,-13.805125,0.15136822,0.25004342,0.2142857,250.0
16,0.25243446,-12.454276,0.16216491,0.18894802,0.23412699,232.09169
16,0.24897234,-11.7144785,0.102969125,0.16560052,0.25396824,216.57755
16,0.21310535,-12.612819,0.08402429,0.06283673,0.27380955,203.0075
16,0.16904382,-14.14079,0.044962697,0.026547082,0.2936508,191.03773
16,0.13720058,-16.618519,0.043206885,0.05223542,0.3134921,180.40088
16,0.1221664,-17.521458,0.051634282,0.029943334,0.33333334,170.88608
16,0.11591206,-17.990715,0.05157562,0.059203804,0.3531746,162.32465
16,0.10840652,-18.950424,0.049812403,0.05846576,0.37301588,154.58015
16,0.094880156,-19.560669,0.031932656,0.063714065,0.39285716,147.54099
16,0.07599321,-21.60146,0.046569474,0.041260045,0.41269842,141.11499
16,0.055084877,-23.065742,0.013019111,0.07104831,0.4325397,135.22537
16,0.036187038,-26.090744,0.011136619,0.023070073,0.45238096,129.8077
16,0.023263702,-29.256607,0.010167684,0.01746502,0.4722222,124.8074
16,0.020710994,-30.872543,0.010202213,0.02806137,0.4920635,120.17804
16,0.032484442,-31.322033,0.0102235405,0.0602375,0.5119048,115.87982
16,0.057556495,-25.556778,0.017639542,0.08858118,0.53174603,111.87845
16,0.086069055,-19.96659,0.1181681,0.10953,0.5515873,108.144196
16,0.10445096,-19.116657,0.10047802,0.36537346,0.57142854,104.65116
16,0.1067934,-18.938885,0.020242322,0.17749345,0.5627907,106.14372
16,0.09699366,-20.348915,0.034955345,0.052893277,0.5541528,107.67947
16,0.08221637,-20.82711,0.0773782,0.07649586,0.54551494,109.2603
16,0.07031921,-21.042515,0.021888025,0.11603518,0.53687704,110.88826
16,0.06926049,-22.992062,0.024118504,0.05897045,0.5282392,112.565445
16,0.08259189,-22.449615,0.04088574,0.051137965,0.51960135,114.29415
16,0.10494951,-20.361965,0.057079077,0.07395118,0.51096344,116.07678
16,0.123816766,-18.759403,0.08226719,0.13269888,0.5023256,117.9159
16,0.12790798,-17.83495,0.0692087,0.14726429,0.49368775,119.81424
16,0.11588601,-18.140705,0.048873495,0.08100111,0.48504984,121.7747
16,0.09702738,-19.31073,0.03221946,0.031816006,0.47641194,123.800385
16,0.08252636,-21.433407,0.029312126,0.04170708,0.4677741,125.8946
16,0.07573452,-21.084362,0.02005798,0.042274985,0.45913622,128.06088
16,0.07076688,-21.64891,0.0979407,0.035024643,0.45049834,130.30304
16,0.06099743,-21.986645,0.017022792,0.19428232,0.44186047,132.62509
16,0.048397083,-24.573792,0.012627685,0.033966538,0.43322262,135.0314
16,0.04317321,-26.494358,0.01604588,0.029205542,0.42458472,137.52666
16,0.054898724,-26.327435,0.017011384,0.037826344,0.41594684,140.11586
16,0.08227683,-24.335678,0.036739536,0.068082534,0.407309,142.80443
16,0.11038095,-18.134052,0.08740508,0.1490933,0.3986711,145.59819
16,0.12122107,-17.620872,0.16478504,0.21688142,0.39003325,148.50345
16,0.11013239,-17.55471,0.020474052,0.22738275,0.38139537,151.52701
16,0.08950222,-20.576641,0.03287196,0.02671131,0.37275746,154.67627
16,0.0775183,-21.053112,0.042475935,0.051641505,0.36411962,157.95918
16,0.08660652,-20.987137,0.037680537,0.06874642,0.35548174,161.38448
16,0.11688338,-19.186325,0.045353506,0.062415186,0.34684387,164.96164
16,0.15519907,-16.89058,0.11816813,0.07342939,0.338206,168.70096
16,0.18252005,-15.028964,0.10557791,0.20779526,0.32956812,172.61372
16,0.18579336,-14.618083,0.10211261,0.0967451,0.32093024,176.71233
16,0.16534658,-15.1468935,0.08433298,0.09632298,0.31229237,181.01028
16,0.13298349,-16.132126,0.046197794,0.07874359,0.3036545,185.52254
16,0.10265259,-18.300385,0.033002023,0.048026606,0.29501662,190.26549
16,0.08221168,-19.909748,0.0732279,0.016615158,0.28637874,195.25731
16,0.07205793,-21.087906,0.017352715,0.08831725,0.27774087,200.51814
16,0.067292444,-23.239395,0.01932279,0.029590145,0.269103,206.07028
16,0.061338786,-23.19946,0.042702526,0.042537674,0.26046515,211.93866
16,0.0534051,-23.191856,0.027185561,0.071124546,0.25182724,218.15108
16,0.054684326,-22.817524,0.01941775,0.061749876,0.24318938,224.73868
16,0.08243392,-22.519432,0.04295056,0.06775022,0.23455152,231.73651
16,0.14198788,-20.182285,0.06331298,0.10528207,0.22591361,239.18419
16,0.21126494,-14.22642,0.10879182,0.14844514,0.21727575,247.12643
16,0.24896017,-11.200931,0.27228558,0.19159195,0.20863786,255.61427
16,0.23173393,-11.065253,0.19319615,0.301372,0.2,264.70587
16,0.18366227,-12.31907,0.026682794,0.07371488,0.20756303,256.71143
16,0.15597089,-16.950523,0.033793945,0.00984904,0.21512607,249.18567
16,0.17972873,-14.217061,0.093359694,0.026172992,0.22268906,242.08861
16,0.24459246,-12.50019,0.23334987,0.16545908,0.23025213,235.3846
16,0.3147294,-11.212115,0.14499079,0.2053329,0.23781513,229.04193
16,0.3538529,-9.341222,0.15905607,0.111811295,0.24537815,223.03207
16,0.34234184,-8.942168,0.32011235,0.12677059,0.2529412,217.32954
16,0.29003516,-9.180106,0.123016275,0.13685764,0.26050422,211.91135
16,0.22983079,-12.116946,0.04852066,0.04741388,0.26806724,206.75674
16,0.18758608,-14.225465,0.04634748,0.024756612,0.27563024,201.84697
16,0.16058783,-14.557229,0.049942017,0.030145273,0.2831933,197.16495
16,0.13052411,-14.801654,0.1452696,0.025303649,0.29075631,192.69522
16,0.09614227,-16.160305,0.03543072,0.13565549,0.29831934,188.42365
16,0.087369524,-18.61168,0.011028511,0.028194398,0.30588236,184.33734
16,0.1386138,-22.253166,0.029502885,0.010667349,0.31344536,180.42453
16,0.24671973,-10.878692,0.15602314,0.063999,0.3210084,176.67436
16,0.36163688,-8.461703,0.58056885,0.28915,0.32857144,173.07692
16,0.4274946,-7.3077707,0.1964099,0.4128154,0.3214286,176.47058
16,0.42693973,-6.8474836,0.15046318,0.07855711,0.31428573,180.0
16,0.37965912,-7.7841597,0.23993085,0.07081344,0.30714285,183.67348
16,0.31970954,-8.81141,0.11628611,0.08559999,0.3,187.5
16,0.2789088,-9.428159,0.08926753,0.028694913,0.29285714,191.48936
16,0.26957363,-11.43098,0.15548867,0.077809565,0.2857143,195.65218
16,0.27907285,-10.858222,0.11913002,0.11393608,0.27857146,199.99998
16,0.28428072,-10.639346,0.12659821,0.08458728,0.27142856,204.54546
16,0.26793253,-10.876182,0.13281132,0.058644418,0.2642857,209.30232
16,0.22764793,-12.148789,0.10261139,0.08311966,0.25714287,214.28572
16,0.17654882,-13.382415,0.0422495,0.06134572,0.25000003,219.51219
16,0.1319236,-16.51374,0.072481565,0.043222472,0.24285717,224.99998
16,0.10290119,-17.747555,0.023793364,0.044710513,0.23571429,230.76924
16,0.08772664,-20.341068,0.03588684,0.04117753,0.22857143,236.8421
16,0.079199865,-20.8899,0.031932205,0.047169477,0.22142859,243.24324
16,0.07296456,-21.241482,0.029989092,0.04166857,0.2142857,250.0
16,0.07189516,-22.03645,0.03295628,0.047117837,0.20714284,257.14285
16,0.08315025,-21.934383,0.03443922,0.06950438,0.2,264.70587
16,0.10901633,-21.486862,0.046696175,0.09311674,0.19285715,272.72726
16,0.13953765,-16.772346,0.06081403,0.11174354,0.1857143,281.25
16,0.15826334,-14.803212,0.16567856,0.0980241,0.17857142,290.32257
16,0.16113415,-14.581395,0.08647635,0.1801525,0.17142856,300.0
16,0.16604736,-15.045949,0.015559059,0.06632538,0.16428572,310.34485
16,0.19418189,-12.719306,0.12190469,0.018110694,0.15714286,321.42856
16,0.24802184,-12.029712,0.29409102,0.119218834,0.15000002,333.3333
16,0.31197384,-9.713031,0.06474178,0.24555719,0.14285713,346.15384
16,0.35984626,-10.017423,0.3140775,0.07561909,0.13736263,356.7073
16,0.36357448,-8.319837,0.15082948,0.19947435,0.13186812,367.92453
16,0.3130302,-8.824399,0.17603655,0.07360306,0.12637362,379.87012
16,0.22921053,-10.524018,0.06863089,0.061092056,0.12087912,392.61746
16,0.15125896,-13.68747,0.028592128,0.03252398,0.115384616,406.25
16,0.10502499,-17.795372,0.026174407,0.017472107,0.10989011,420.8633
16,0.08758325,-19.189606,0.037513465,0.021690508,0.104395606,436.56717
16,0.081508085,-19.661972,0.06417315,0.07960401,0.0989011,453.48837
16,0.08035395,-19.953205,0.02587331,0.07866085,0.093406595,471.7742
16,0.09755053,-19.365288,0.023703797,0.032334086,0.08791209,491.59662
16,0.14928125,-17.591713,0.11133168,0.028436145,0.082417585,513.1579
16,0.23007697,-13.843921,0.15798515,0.19349921,0.07692308,536.69727
16,0.30545425,-11.508111,0.20835514,0.24577768,0.071428575,562.5
16,0.33079275,-9.6533575,0.1749065,0.17544968,0.07857143,529.41174
16,0.2866282,-9.829078,0.17681035,0.090921946,0.08571428,500.0
16,0.20607817,-10.86625,0.071214415,0.08373911,0.092857145,473.6842
16,0.16413139,-13.5502615,0.043315027,0.046975,0.10000001,449.99997
16,0.22278288,-15.402661,0.04630864,0.03561131,0.10714286,428.57144
16,0.37177807,-9.970017,0.16461873,0.042246822,0.11428571,409.0909
16,0.52305347,-4.6246576,0.62431836,0.19670764,0.12142857,391.30435
16,0.5821317,-3.9857855,0.62487376,0.34477133,0.12857142,375.0
16,0.5330889,-4.0679064,0.09852497,0.18725245,0.125,382.97873
16,0.43309978,-7.230014,0.13431197,0.024663059,0.12142857,391.30435
16,0.3378197,-8.473525,0.26086107,0.0467619,0.11785715,399.99997
16,0.26358825,-9.41981,0.08511231,0.096360534,0.11428571,409.0909
16,0.20255138,-12.012614,0.052349795,0.0140746785,0.11071429,418.60464
16,0.14439864,-15.103496,0.04895124,0.03294971,0.10714286,428.57144
16,0.09077496,-17.291836,0.03327095,0.044829533,0.10357143,439.02438
16,0.06280523,-19.602543,0.031331208,0.018010702,0.10000001,449.99997
16,0.09186184,-21.010284,0.031127637,0.0348945,0.096428566,461.53848
16,0.19090028,-17.585346,0.04808338,0.07068774,0.092857145,473.6842
16,0.32684532,-8.987788,0.31931546,0.097697385,0.08928572,486.48648
16,0.4309757,-7.1019335,0.5823112,0.31147072,0.08571428,500.0
16,0.45242786,-6.369691,0.15365225,0.31678328,0.09365079,470.93027
16,0.3938098,-8.041701,0.111941636,0.052331276,0.1015873,445.05496
16,0.29371697,-9.69354,0.10415923,0.04646733,0.10952381,421.875
16,0.1983127,-11.210956,0.106673,0.060356937,0.11746031,400.9901
16,0.14973933,-13.271741,0.03228351,0.057524234,0.12539682,382.07547
16,0.17575936,-14.84912,0.042011667,0.02091136,0.13333334,364.86487
16,0.27161628,-12.168384,0.1429348,0.049803562,0.14126985,349.1379
16,0.39204565,-8.697303,0.38215545,0.15208824,0.14920634,334.71075
16,0.47298685,-6.732875,0.3192988,0.2621564,0.15714286,321.42856
16,0.47236246,-5.8930445,0.31658864,0.15599847,0.15000002,333.3333
16,0.39789063,-7.179332,0.18314606,0.093495615,0.14285713,346.15384
16,0.2985377,-8.7582655,0.065707766,0.046361748,0.13571428,360.0
16,0.22177732,-12.056525,0.082030855,0.028121486,0.12857142,375.0
16,0.17879534,-13.441342,0.119902536,0.037520554,0.12142857,391.30435
16,0.15006588,-14.710826,0.06484825,0.11209166,0.11428571,409.0909
16,0.11539187,-16.276062,0.03301366,0.031966913,0.10714286,428.57144
16,0.076967575,-19.282238,0.030804733,0.009346185,0.10000001,449.99997
16,0.061304443,-21.686424,0.036046457,0.040041182,0.092857145,473.6842
16,0.10273064,-18.603798,0.055342715,0.063091,0.08571428,500.0
16,0.21538216,-15.353744,0.15512729,0.10335389,0.07857143,529.41174
16,0.3683239,-9.744777,0.22663121,0.20297828,0.071428575,562.5
16,0.4887901,-6.439101,0.48816228,0.19656383,0.06428572,600.0
16,0.5075898,-5.53876,0.35677174,0.26865098,0.057142857,642.8571
16,0.41827062,-5.7726183,0.12376434,0.11222107,0.10816326,425.6757
16,0.29145,-8.809064,0.10466789,0.032501303,0.15918368,318.18182
16,0.2302667,-10.705569,0.09752345,0.032280304,0.21020408,254.03226
16,0.3035826,-11.68147,0.12572686,0.0768533,0.26122448,211.40941
16,0.49705324,-6.4780226,0.16786675,0.057863645,0.3122449,181.03448
16,0.7121061,-2.9716682,0.73009187,0.07608695,0.36326534,158.29146
16,0.83167076,-1.8417072,0.6761247,0.31082293,0.41428572,140.625
16,0.8060112,-1.9128656,0.26014504,0.20899543,0.41964287,138.99614
16,0.66841495,-3.060235,0.22285186,0.06697186,0.425,137.40459
16,0.48798618,-4.6348715,0.24298938,0.026505278,0.43035716,135.84906
16,0.32699353,-6.1363096,0.05844935,0.03942948,0.43571427,134.32835
16,0.21677913,-11.432162,0.07969356,0.017851224,0.44107142,132.84134
16,0.15494479,-13.389232,0.06086025,0.036724176,0.4464286,131.38686
16,0.12912917,-15.072415,0.0778939,0.023059975,0.45178574,129.9639
16,0.14019315,-15.689347,0.03838849,0.06824734,0.45714286,128.57143
16,0.19537613,-16.30663,0.10887154,0.044866983,0.4625,127.20848
16,0.28131947,-12.801658,0.12389507,0.15263063,0.46785715,125.87413
16,0.3548168,-8.276317,0.3273153,0.11777212,0.47321427,124.567474
16,0.37390986,-7.6734724,0.39933088,0.21143666,0.47857144,123.28767
16,0.34283575,-7.816432,0.086469986,0.17485712,0.4839286,122.0339
16,0.3105528,-10.587647,0.079070434,0.05022737,0.48928574,120.80537
16,0.31929496,-10.459949,0.10983232,0.033887018,0.49464285,119.601326
16,0.3640586,-8.556678,0.30441037,0.061346915,0.5,118.42105
16,0.40305915,-7.6648283,0.26070732,0.14869282,0.50535715,117.26385
16,0.40085208,-7.6644545,0.1358393,0.08932354,0.5107143,116.129036
16,0.35501054,-8.340041,0.13179392,0.061390046,0.51607144,115.015976
16,0.2870765,-10.08916,0.11423678,0.06652194,0.5214285,113.92406
16,0.221123,-11.629781,0.07739686,0.040266402,0.52678573,112.85266
16,0.17053603,-13.179553,0.070918284,0.027605643,0.5321429,111.80124
16,0.13560525,-15.761508,0.041273504,0.018797817,0.5375,110.769226
16,0.10967865,-17.481411,0.038881402,0.026251152,0.5428571,109.756096
16,0.08699565,-19.45855,0.02784185,0.054687396,0.54821426,108.76133
16,0.06739261,-21.55854,0.01825862,0.048506793,0.5535714,107.78443
16,0.056998745,-23.416622,0.021059629,0.037851788,0.55892855,106.82493
16,0.064266816,-23.187126,0.031093834,0.031554468,0.5642857,105.882355
16,0.091926344,-22.162922,0.04263668,0.07758923,0.56964284,104.95627
16,0.13011178,-17.819435,0.05439012,0.08977174,0.575,104.04624
16,0.15818745,-15.793565,0.16180469,0.11341074,0.5803571,103.15186
16,0.15957285,-15.585423,0.079031385,0.2821487,0.5857142,102.27273
16,0.13886264,-15.448817,0.025984481,0.073997885,0.5766233,103.77359
16,0.12074034,-17.719067,0.063261665,0.036976222,0.5675324,105.31915
16,0.13126417,-17.152851,0.03937944,0.065032296,0.5584415,106.911446
16,0.1777858,-15.318898,0.117505394,0.05427966,0.5493506,108.55263
16,0.24190727,-12.249318,0.18065685,0.16704617,0.5402597,110.24499
16,0.2922612,-10.586873,0.2419576,0.15839122,0.5311689,111.990944
16,0.30578086,-10.411771,0.1508317,0.18670951,0.5220779,113.793106
16,0.27953687,-9.944041,0.08743522,0.07142769,0.512987,115.65421
16,0.22608714,-12.173137,0.15387662,0.039046045,0.5038961,117.5772
16,0.16492605,-13.5905485,0.038967405,0.09253375,0.4948052,119.565216
16,0.11525478,-16.42706,0.03225538,0.013729325,0.4857143,121.62162
16,0.08628259,-19.816013,0.03245969,0.023031201,0.4766234,123.75
16,0.07428412,-21.178528,0.029187484,0.04774236,0.46753246,125.9542
16,0.069967955,-21.923733,0.034868155,0.036411326,0.45844156,128.23834
16,0.06822764,-21.989094,0.049199447,0.072087616,0.44935066,130.60686
16,0.07228489,-22.28151,0.025666341,0.11130121,0.44025972,133.06451
16,0.08874724,-21.986145,0.037111,0.04095919,0.43116882,135.61644
16,0.11726858,-19.837402,0.05097016,0.07521694,0.42207792,138.26816
16,0.14546268,-17.885616,0.090421155,0.12058651,0.41298702,141.02563
16,0.15712291,-15.726268,0.08355232,0.14395244,0.4038961,143.89536
16,0.14796714,-15.9444895,0.07946954,0.090223126,0.3948052,146.88428
16,0.1332092,-16.796455,0.034427743,0.061747793,0.3857143,150.0
16,0.13689707,-16.678097,0.06870027,0.04310787,0.3766234,153.25076
16,0.17218691,-15.988013,0.121127695,0.087525666,0.36753246,156.64557
16,0.22939713,-14.603272,0.06933503,0.15390329,0.35844156,160.19417
16,0.27653953,-10.194234,0.19633706,0.07849167,0.34935066,163.90729
16,0.2784036,-9.9309,0.3861747,0.15929098,0.34025973,167.79662
16,0.22945751,-10.0645895,0.039711766,0.16950406,0.33116883,171.875
16,0.15966101,-15.018178,0.031470787,0.03117124,0.32207793,176.15659
16,0.103222415,-18.006485,0.04396516,0.023584474,0.31298703,180.65692
16,0.073408656,-19.925705,0.035084154,0.06869605,0.3038961,185.39326
16,0.06488229,-21.36575,0.024667138,0.0325169,0.2948052,190.38461
16,0.06872765,-22.082542,0.03738395,0.023952397,0.2857143,195.65218
16,0.08216531,-21.982697,0.055352982,0.07744299,0.2766234,201.2195
16,0.10684346,-19.601967,0.029856184,0.097444326,0.26753247,207.11298
16,0.1393818,-18.233505,0.114032656,0.07889051,0.25844157,213.36208
16,0.16685693,-16.311962,0.094793685,0.22018795,0.24935067,220.0
16,0.17441876,-15.281981,0.06321702,0.11710311,0.24025974,227.06422
16,0.15909751,-14.311015,0.0858482,0.07338474,0.23116884,234.59717
16,0.14159377,-14.826865,0.11159101,0.09460159,0.22207794,242.64705
16,0.1622409,-15.487445,0.03469224,0.096615225,0.212987,251.26904
16,0.24763322,-12.278586,0.029533636,0.027050823,0.2038961,260.5263
16,0.37308997,-7.6368704,0.5064727,0.054884207,0.1948052,270.49182
16,0.47293583,-6.422019,0.3984715,0.35631943,0.1857143,281.25
16,0.49697703,-5.192088,0.14119017,0.19262469,0.19375001,271.69812
16,0.4444932,-7.14289,0.2940188,0.08604508,0.20178571,262.7737
16,0.35134163,-7.942895,0.07888072,0.12715551,0.20982142,254.41696
16,0.2592198,-10.208486,0.10120229,0.024844069,0.21785715,246.57533
16,0.19242541,-12.316081,0.048204057,0.04149378,0.22589287,239.20265
16,0.15290794,-14.75574,0.03286191,0.03070985,0.23392858,232.25807
16,0.12816936,-16.684692,0.04811621,0.020934906,0.24196431,225.70532
16,0.104219146,-18.48035,0.032118183,0.040610243,0.25000003,219.51219
16,0.075630546,-21.058498,0.026749529,0.022904191,0.25803572,213.64986
16,0.04997707,-22.58112,0.01894188,0.028238941,0.26607144,208.09248
16,0.04700187,-23.197609,0.041276768,0.03048221,0.27410713,202.81691
16,0.09094255,-20.084301,0.06674028,0.12799741,0.28214288,197.80219
16,0.19290608,-17.279083,0.13075957,0.16712488,0.29017857,193.0295
16,0.32963496,-8.668588,0.089830704,0.22210449,0.2982143,188.48167
16,0.44291708,-6.0586863,0.7123196,0.12353512,0.30625,184.14323
16,0.48161826,-5.4424963,0.31925344,0.39630112,0.31428573,180.0
16,0.44875264,-5.8522577,0.088565744,0.09687856,0.30742857,183.52367
16,0.38505587,-8.285869,0.13937898,0.028255455,0.30057144,187.18802
16,0.32148862,-9.018439,0.2314298,0.046576142,0.2937143,191.0017
16,0.2659311,-9.645812,0.092471875,0.08639809,0.28685716,194.97401
16,0.21709895,-11.446706,0.06309456,0.051670957,0.28,199.11504
16,0.17343736,-14.171435,0.05609658,0.032163057,0.27314284,203.43582
16,0.13534836,-15.924502,0.054472633,0.052045137,0.26628572,207.94824
16,0.10577647,-17.848015,0.027047716,0.05775364,0.2594286,212.6654
16,0.08654947,-20.528675,0.022364143,0.011379352,0.25257143,217.60156
16,0.074554846,-21.816998,0.031372853,0.025956912,0.24571429,222.77228
16,0.06409985,-22.748238,0.03776375,0.03810724,0.23885716,228.19472
16,0.053479776,-23.705051,0.018790746,0.0887268,0.232,233.88774
16,0.048442036,-25.017014,0.02163728,0.039524723,0.22514287,239.87207
16,0.058816046,-24.68274,0.029143427,0.045658056,0.21828571,246.17068
16,0.090014026,-22.40009,0.045732874,0.074086174,0.21142857,252.80899
16,0.13445805,-17.980076,0.08254291,0.13168816,0.20457144,259.81525
16,0.17065059,-16.327888,0.13803193,0.17349812,0.19771428,267.2209
16,0.17447305,-15.654368,0.06796617,0.23628202,0.19085714,275.06113
16,0.13598843,-16.599358,0.039526567,0.06910954,0.18399999,283.37534
16,0.07306571,-18.48315,0.029807478,0.024497561,0.17714286,292.2078
16,0.036011774,-20.325218,0.020252462,0.032277364,0.17028572,301.60858
16,0.08984353,-21.571117,0.018058194,0.038674597,0.16342856,311.63437
16,0.26885858,-12.973983,0.10475569,0.031112408,0.15657143,322.34955
16,0.5306538,-5.168332,0.5153756,0.22931683,0.14971429,333.82788
16,0.76201886,-3.2964373,0.8141792,0.4181375,0.14285713,346.15384
16,0.85194993,-1.6562843,0.2987314,0.37553623,0.14945054,334.2857
16,0.76733714,-1.9152365,0.32184705,0.08682268,0.15604396,323.20444
16,0.5676208,-3.3391905,0.24370292,0.04546255,0.16263737,312.83423
16,0.35802934,-6.3238173,0.09469948,0.039657336,0.16923079,303.1088
16,0.21652327,-10.486501,0.035514038,0.022564013,0.17582417,293.96985
16,0.15324064,-13.924321,0.06999263,0.010719591,0.18241757,285.36584
16,0.12840572,-15.706222,0.031225517,0.0468446,0.189011,277.2512
16,0.099356614,-18.334213,0.028355235,0.02690677,0.1956044,269.58527
16,0.057810158,-20.605682,0.023776421,0.061885476,0.20219782,262.33185
16,0.038755316,-22.850899,0.018388854,0.026299842,0.2087912,255.45853
16,0.09700234,-17.262035,0.028650654,0.032256827,0.2153846,248.93617
16,0.2609611,-12.763381,0.24404125,0.08597799,0.22197802,242.73859
16,0.4929258,-8.28497,0.3696384,0.4234975,0.22857143,236.8421
16,0.6938172,-3.5101557,0.47173506,0.2970849,0.24511278,223.23761
16,0.76744026,-1.7276297,0.7049185,0.20754527,0.26165414,211.1111
16,0.70975566,-1.8698025,0.32425952,0.15479304,0.2781955,200.23419
16,0.6265756,-3.5798903,0.10193943,0.06599534,0.29473683,190.42317
16,0.6238222,-4.8943605,0.16610481,0.011044536,0.31127822,181.52866
16,0.6896344,-2.801175,0.6838224,0.06276069,0.32781956,173.428
16,0.7193513,-1.9162188,0.45053163,0.24240433,0.3443609,166.01942
16,0.64060235,-2.5516462,0.25264657,0.08691886,0.36090228,159.21788
16,0.47897917,-5.1999617,0.14644583,0.053178113,0.3774436,152.9517
16,0.31509444,-8.43035,0.08358092,0.027688272,0.39398494,147.16008
16,0.20760754,-11.154231,0.05469662,0.017567864,0.41052634,141.79105
16,0.15863496,-13.572091,0.052987985,0.019075096,0.42706767,136.8
16,0.13488483,-15.250371,0.088578194,0.039464727,0.44360903,132.14838
16,0.108097024,-17.28447,0.040826168,0.1062979,0.4601504,127.80269
16,0.07859168,-19.863522,0.019702137,0.035918165,0.47669172,123.73372
16,0.0712498,-21.505901,0.020998424,0.009887005,0.4932331,119.91585
16,0.115275174,-18.509407,0.03523234,0.045568738,0.5097744,116.32654
16,0.22082844,-12.92678,0.22114843,0.075182706,0.5263158,112.94584
16,0.36557695,-9.711534,0.31391245,0.3516471,0.5428571,109.756096
16,0.5035198,-5.4523363,0.32688257,0.27017123,0.5310105,112.02185
16,0.59089375,-5.1307898,0.5763862,0.16033526,0.5191637,114.38314
16,0.6121692,-4.1015615,0.12867302,0.16433072,0.50731707,116.84611
16,0.58151287,-4.4001474,0.4146715,0.03958842,0.49547037,119.41747
16,0.52528065,-4.7903414,0.2656967,0.07412933,0.4836237,122.10456
16,0.46883982,-5.6439867,0.14005801,0.050618395,0.471777,124.915375
16,0.4206499,-7.222579,0.20486139,0.12146816,0.45993033,127.85863
16,0.37059712,-7.6797285,0.16407517,0.073199324,0.44808364,130.94392
16,0.3099443,-8.557868,0.08873853,0.05208441,0.43623692,134.18182
16,0.24398454,-11.2677965,0.08407167,0.038536146,0.42439026,137.5839
16,0.18700299,-13.126401,0.04825907,0.04490591,0.41254357,141.16296
16,0.14981863,-15.334319,0.03513618,0.029954432,0.40069687,144.93323
16,0.13089994,-16.746834,0.052744787,0.021167438,0.38885018,148.91042
16,0.12053888,-17.286194,0.07942364,0.054235812,0.37700352,153.11203
16,0.11396036,-17.905834,0.02278033,0.08745668,0.3651568,157.55765
16,0.11585159,-18.752743,0.028637612,0.038631972,0.3533101,162.26913
16,0.13109712,-17.835114,0.10983498,0.06263937,0.34146342,167.27109
16,0.15703195,-16.546833,0.09285679,0.19954555,0.32961673,172.5912
16,0.18591256,-15.079291,0.09161879,0.12349796,0.31777006,178.26086
16,0.21022674,-14.623231,0.14340243,0.08487483,0.30592334,184.31569
16,0.22651929,-12.609775,0.08444923,0.13681139,0.29407665,190.79628
16,0.23764627,-12.448808,0.17321016,0.09420802,0.28223,197.74919
16,0.25227696,-11.6417055,0.03777707,0.11990348,0.27038327,205.22804
16,0.27777943,-10.907739,0.12988368,0.023388585,0.2585366,213.2948
16,0.31278536,-10.331748,0.15363431,0.08179378,0.24668992,222.02165
16,0.35199964,-9.197705,0.13033165,0.11731588,0.23484321,231.4931
16,0.38931563,-8.873309,0.25699532,0.10884402,0.22299653,241.80865
16,0.41362035,-7.994277,0.25137308,0.18539374,0.21114981,253.08643
16,0.41209763,-7.5579767,0.20117664,0.116081566,0.19930314,265.46762
16,0.38003212,-8.204215,0.18651539,0.06449452,0.18745646,279.12253
16,0.32492465,-9.016929,0.076798,0.08572706,0.17560975,294.25836
16,0.26036957,-10.324033,0.14200763,0.02598351,0.16376308,311.12985
16,0.19798549,-12.200244,0.0694282,0.046532273,0.15191638,330.05365
16,0.14379759,-15.0945425,0.032175854,0.019636584,0.14006968,351.42856
16,0.09647184,-18.80169,0.021597419,0.033345394,0.12822299,375.76376
16,0.053730294,-21.17234,0.028332902,0.035533395,0.11637632,403.71988
16,0.0276878,-22.643562,0.020318396,0.029900346,0.10452962,436.1702
16,0.051706433,-22.562214,0.034539558,0.044149783,0.09268293,474.29306
16,0.15941039,-17.751274,0.058266368,0.0883592,0.08083624,519.7183
16,0.34096578,-11.747006,0.22375537,0.10976921,0.068989545,574.76636
16,0.5184841,-6.2596827,0.45523715,0.30551314,0.057142857,642.8571
16,0.587797,-4.117425,0.58453816,0.36490092,0.06530612,594.33966
16,0.5103835,-4.140418,0.26539314,0.18946016,0.073469386,552.6316
16,0.3581637,-6.2697973,0.04946477,0.03475289,0.08163266,516.39343
16,0.25159064,-11.095218,0.056518022,0.017144693,0.08979592,484.6154
16,0.26017573,-11.033261,0.101882964,0.02851801,0.09795918,456.52176
16,0.3613752,-7.9293566,0.35206318,0.077560686,0.10612246,431.50684
16,0.4765089,-7.427703,0.35292032,0.27719125,0.11428571,409.0909
16,0.5336212,-5.166068,0.1680119,0.12952274,0.10519481,434.2105
16,0.5022951,-5.8977156,0.53612006,0.05092709,0.09610389,462.61685
16,0.40044582,-6.0868387,0.13413705,0.17540173,0.08701299,495.0
16,0.27786064,-9.621957,0.058883008,0.03395407,0.077922076,532.25806
16,0.1790419,-12.833337,0.056591414,0.030823339,0.06883117,575.5814
16,0.12092771,-15.063609,0.046138942,0.041320276,0.05974026,626.5823
16,0.097395636,-18.04982,0.031846836,0.022345405,0.05064935,687.5
16,0.09410989,-20.294876,0.03377288,0.027297724,0.04155844,761.53845
16,0.10019567,-18.269432,0.025892192,0.057088908,0.032467533,853.4483
16,0.113801636,-17.321518,0.15658262,0.03613199,0.023376625,970.5882
16,0.14354494,-16.510098,0.05880106,0.2458956,0.014285716,1125.0
16,0.19817048,-17.16978,0.03696618,0.09356674,0.02142857,1000.0
16,0.26289257,-10.09538,0.1268645,0.052331623,0.028571432,899.99994
16,0.29572564,-9.173408,0.5656097,0.1524156,0.035714284,818.1818
16,0.26762277,-8.883332,0.081659265,0.33810207,0.04285714,750.0
16,0.20186865,-12.455026,0.043487586,0.0396864,0.059523813,627.907
16,0.16003966,-14.617755,0.06691625,0.026071332,0.07619048,540.0
16,0.19334519,-14.414281,0.07627338,0.040927902,0.092857145,473.6842
16,0.30208296,-12.884122,0.12076739,0.08483665,0.10952381,421.875
16,0.42947373,-6.4040956,0.35637182,0.088753164,0.12619047,380.2817
16,0.50047266,-5.4615145,0.6430015,0.26025197,0.14285713,346.15384
16,0.4843749,-5.294299,0.15649922,0.27073994,0.15054946,332.38638
16,0.41142845,-6.9035177,0.08033761,0.038690507,0.15824178,319.67212
16,0.32635668,-8.829545,0.26329648,0.030365113,0.16593406,307.89474
16,0.25091854,-9.496554,0.08769824,0.088068955,0.17362638,296.9543
16,0.1870518,-12.476161,0.037463356,0.044101067,0.18131867,286.7647
16,0.13122296,-16.059952,0.03316033,0.009150381,0.189011,277.2512
16,0.08344901,-18.544971,0.022779385,0.027331188,0.19670331,268.34863
16,0.05190821,-21.674786,0.022382628,0.02440718,0.20439559,260.0
16,0.05336486,-22.857971,0.02676827,0.036287166,0.21208791,252.15518
16,0.10430213,-21.516815,0.031238932,0.054275244,0.2197802,244.76988
16,0.20142417,-18.28614,0.08521874,0.08341023,0.22747253,237.80489
16,0.30850318,-8.933681,0.3287679,0.18938605,0.23516485,231.2253
16,0.37504753,-7.733968,0.5662753,0.37815374,0.24285717,224.99998
16,0.38066953,-7.255929,0.07171317,0.30974105,0.23357143,232.55815
16,0.35157478,-9.067084,0.098314755,0.039468206,0.2242857,240.64171
16,0.32931167,-8.391181,0.24275148,0.0456514,0.215,249.30748
16,0.34070683,-7.8634977,0.26626018,0.09394505,0.20571429,258.6207
16,0.39647576,-7.314296,0.120157816,0.10721437,0.19642858,268.6567
16,0.48588935,-7.3344126,0.1560152,0.04789145,0.18714286,279.5031
16,0.5632325,-4.6762304,0.34380543,0.08643921,0.17785715,291.26215
16,0.5713379,-4.4411745,0.62021273,0.1517132,0.16857144,304.05405
16,0.49658632,-4.661233,0.10827265,0.16683085,0.15928572,318.02118
16,0.37867886,-7.8576975,0.12384178,0.029754324,0.15000002,333.3333
16,0.26674783,-9.780791,0.11003669,0.047111176,0.14071427,350.19455
16,0.18642898,-11.264529,0.04323401,0.050267585,0.13142857,368.85248
16,0.1379494,-14.907992,0.036556985,0.0074965646,0.12214286,389.61038
16,0.108112894,-18.077587,0.035184294,0.022447253,0.11285715,412.84402
16,0.08509272,-19.765968,0.028208978,0.043203834,0.10357143,439.02438
16,0.071494736,-20.130856,0.032318678,0.030800713,0.09428572,468.74997
16,0.08803157,-20.033318,0.036772218,0.040151704,0.085,502.7933
16,0.15824269,-17.08942,0.0607286,0.07606256,0.07571429,542.16864
16,0.2776293,-13.245254,0.25339374,0.1421739,0.06642857,588.2353
16,0.39589667,-6.592391,0.2463627,0.29563245,0.057142857,642.8571
16,0.4442624,-5.5825415,0.6314587,0.22341152,0.08163266,516.39343
16,0.39922905,-5.758622,0.14662491,0.23861933,0.10612246,431.50684
16,0.31830046,-7.567279,0.07570568,0.031810965,0.13061225,370.58823
16,0.29063794,-11.638803,0.07603157,0.017911103,0.15510206,324.74225
16,0.35217696,-10.277127,0.11041361,0.04184534,0.17959183,288.99084
16,0.4531493,-5.753009,0.4680029,0.066178024,0.20408162,260.3306
16,0.51165754,-5.1610518,0.49365714,0.28151938,0.22857143,236.8421
16,0.49449167,-5.3171797,0.07839116,0.18569942,0.22706768,238.16156
16,0.4280664,-7.1421404,0.123481795,0.02952669,0.22556391,239.4958
16,0.35093203,-7.9345617,0.3013149,0.03552716,0.22406015,240.84506
16,0.28455982,-8.6248045,0.04394182,0.12431771,0.22255638,242.20963
16,0.2317757,-11.843175,0.05675067,0.004064703,0.22105263,243.58974
16,0.18535885,-13.126573,0.107860304,0.020774735,0.21954887,244.98567
16,0.14311676,-14.503518,0.056557383,0.105614975,0.2180451,246.39769
16,0.11521232,-17.254978,0.024277523,0.06417985,0.21654135,247.8261
16,0.113175325,-18.693653,0.02747549,0.025600065,0.21503758,249.27115
16,0.13582557,-17.601536,0.08817741,0.041346326,0.21353382,250.73314
16,0.16830741,-15.570319,0.10029459,0.1430362,0.2120301,252.21239
16,0.19058168,-15.577945,0.12467415,0.15710346,0.21052633,253.7092
16,0.18738787,-14.052623,0.0494159,0.14283259,0.20902257,255.22388
16,0.16031799,-13.895682,0.13774744,0.03361483,0.2075188,256.75674
16,0.14000797,-14.228261,0.06257735,0.1208777,0.20601505,258.30817
16,0.1783238,-15.249236,0.033629175,0.04672725,0.20451128,259.87842
16,0.3040175,-11.354438,0.07770659,0.05061164,0.20300752,261.4679
16,0.47985637,-5.5614557,0.6065211,0.09700721,0.20150377,263.07693
16,0.6205907,-3.9541178,0.68770295,0.38634345,0.2,264.70587
16,0.6653543,-3.5069609,0.28873336,0.28102064,0.1907563,275.17987
16,0.6175579,-3.9524794,0.19635703,0.074169025,0.18151262,286.51685
16,0.51697975,-5.299958,0.26370826,0.03027374,0.1722689,298.82812
16,0.40154898,-6.3017416,0.14856796,0.041619327,0.1630252,312.2449
16,0.29512948,-8.711329,0.06050797,0.05869807,0.15378152,326.9231
16,0.20978557,-11.530068,0.05139564,0.023398368,0.14453782,343.04932
16,0.14982656,-14.330285,0.042255566,0.023067905,0.13529411,360.84906
16,0.11390773,-17.058151,0.03187681,0.035252396,0.12605041,380.59702
16,0.095458165,-19.753593,0.033251956,0.022848357,0.11680673,402.63156
16,0.08620932,-20.193764,0.043763313,0.037913315,0.107563026,427.3743
16,0.08645074,-18.48452,0.060659796,0.058454003,0.09831933,455.35712
16,0.11411768,-16.903069,0.11529476,0.10120083,0.08907563,487.26114
16,0.19625978,-15.475936,0.10003376,0.20812868,0.079831935,523.9726
16,0.3350564,-12.882674,0.1167672,0.11323031,0.07058824,566.6667
16,0.4744546,-5.033395,0.25619233,0.09463823,0.061344538,616.9355
16,0.5223694,-4.4850664,0.7756868,0.17833214,0.05210084,676.99115
16,0.4345675,-4.5513563,0.08091375,0.309278,0.04285714,750.0
16,0.26976585,-8.616332,0.07818044,0.02960743,0.20238094,262.13593
16,0.1517112,-12.261355,0.09443082,0.024488421,0.36190477,158.82353
16,0.18933167,-13.772365,0.04475678,0.051922042,0.5214285,113.92406
16,0.40280807,-9.929519,0.09789405,0.020505039,0.6809523,88.815796
16,0.6913899,-2.8626814,0.7121912,0.08067956,0.8404762,72.776276
16,0.8913147,-1.1103821,0.96512157,0.43246529,1.0,61.643833
16,0.9014633,-0.4721632,0.41543573,0.28936803,0.9947162,61.957752
16,0.74938446,-1.8441896,0.28065488,0.045825657,0.98943245,62.27488
16,0.5394514,-3.9155607,0.16422622,0.038787637,0.98414874,62.595272
16,0.36406714,-6.711316,0.12559697,0.03151358,0.97886497,62.91898
16,0.25784343,-8.96597,0.085091636,0.02750673,0.9735812,63.24605
16,0.20549649,-11.707448,0.072524406,0.038227435,0.9682974,63.57654
16,0.17445943,-13.740418,0.06970859,0.02071874,0.9630137,63.910507
16,0.14413762,-14.981957,0.056394596,0.0397124,0.95772994,64.24799
16,0.1169868,-16.820934,0.035173897,0.02697623,0.95244616,64.589066
16,0.111231536,-18.070248,0.06715262,0.027402861,0.9471624,64.933784
16,0.14413305,-15.399869,0.056664225,0.06915406,0.9418786,65.282196
16,0.21646099,-13.534204,0.1948322,0.07503803,0.9365949,65.63437
16,0.30658635,-11.086686,0.16550359,0.21412674,0.93131113,65.99036
16,0.3804716,-8.357553,0.26008287,0.15483077,0.92602736,66.350235
16,0.41309676,-7.5555544,0.25422913,0.18002573,0.9207436,66.71406
16,0.407941,-6.9754286,0.16790399,0.1222986,0.9154598,67.08189
16,0.39250273,-8.261451,0.18634039,0.06815837,0.9101761,67.453804
16,0.3895503,-7.3801985,0.11423926,0.09701933,0.9048923,67.82986
16,0.39365163,-7.1142035,0.4295401,0.044409562,0.89960855,68.21014
16,0.38273454,-7.2543516,0.19162448,0.17261949,0.8943248,68.594696
16,0.34761822,-8.568942,0.063365065,0.067936644,0.8890411,68.98362
16,0.29485747,-10.151919,0.12158311,0.032993793,0.88375735,69.376976
16,0.2335064,-11.240264,0.18221512,0.0902685,0.8784736,69.77485
16,0.17503302,-12.354136,0.037971172,0.09019584,0.8731898,70.17731
16,0.13357466,-16.27895,0.031839505,0.014178951,0.86790603,70.58444
16,0.11626752,-18.107117,0.042103663,0.032406244,0.8626223,70.99632
16,0.118544035,-17.551502,0.071125165,0.056210626,0.85733855,71.41304
16,0.13112426,-17.105743,0.07299617,0.06329935,0.8520548,71.83468
16,0.14863466,-16.822987,0.060136292,0.09298441,0.846771,72.26133
16,0.17006718,-16.128479,0.058968782,0.06607152,0.8414873,72.69307
16,0.19193092,-13.884057,0.1301916,0.0692785,0.8362035,73.130005
16,0.20573641,-13.363669,0.1980663,0.18318786,0.83091974,73.57223
16,0.20512415,-12.857097,0.050763167,0.17438582,0.82563597,74.01983
16,0.19091159,-13.604527,0.089005366,0.051457804,0.8203522,74.47291
16,0.1710833,-13.918981,0.14701124,0.068404965,0.8150685,74.93157
16,0.16051473,-14.787036,0.057071,0.10938687,0.8097847,75.39591
16,0.17288384,-14.765826,0.034718074,0.062018823,0.80450094,75.86605
16,0.2041154,-13.7406645,0.16245161,0.041082487,0.79921716,76.34209
16,0.2306871,-12.909974,0.19462721,0.17791179,0.7939334,76.824135
16,0.2300519,-12.485341,0.060757868,0.14312196,0.7886497,77.31231
16,0.19829689,-13.728009,0.07798085,0.053235717,0.7833659,77.80673
16,0.15016687,-14.855405,0.05200248,0.06467885,0.77808213,78.30751
16,0.10694867,-17.571049,0.027878407,0.03986803,0.77279836,78.81478
16,0.08171266,-20.595081,0.02938189,0.03572396,0.7675147,79.32866
16,0.07290324,-21.48164,0.0371873,0.037639827,0.76223093,79.84929
16,0.07087835,-21.784397,0.04819948,0.06896687,0.75694716,80.3768
16,0.06944901,-22.298058,0.029005717,0.08430218,0.7516634,80.91133
16,0.07070147,-23.054264,0.021509428,0.057792682,0.7463796,81.45301
16,0.07983624,-22.011978,0.041288137,0.08729787,0.7410959,82.002
16,0.0973505,-21.053047,0.07279836,0.11849309,0.7358121,82.55843
16,0.11644774,-19.049023,0.04863942,0.14593944,0.73052835,83.12247
16,0.12670067,-18.027622,0.1023679,0.07413536,0.7252446,83.69427
16,0.12156495,-18.149395,0.050149146,0.16000646,0.71996087,84.27399
16,0.10462219,-18.715195,0.024209397,0.05111657,0.7146771,84.86179
16,0.08803396,-20.356861,0.04302113,0.04085354,0.7093933,85.457855
16,0.0850597,-20.972153,0.022977857,0.034856945,0.70410955,86.062355
16,0.101855114,-19.896225,0.057313018,0.036737844,0.6988258,86.67546
16,0.13382517,-18.191334,0.10351375,0.14041603,0.69354206,87.29737
16,0.16901809,-16.151325,0.097589955,0.17712757,0.6882583,87.92827
16,0.19379763,-15.098819,0.097363554,0.13065661,0.6829745,88.56835
16,0.19691801,-14.105277,0.09336327,0.07201469,0.67769074,89.21782
16,0.17432213,-14.51493,0.10003285,0.09238691,0.672407,89.876884
16,0.13418405,-15.475909,0.035145555,0.07902297,0.66712326,90.54576
16,0.09333844,-19.06353,0.018877868,0.029927853,0.6618395,91.22466
16,0.06534183,-21.993782,0.017984137,0.0228067,0.6565557,91.913826
16,0.05362164,-23.783115,0.021391725,0.054481387,0.651272,92.61347
16,0.054763515,-24.12461,0.019745778,0.038151238,0.6459883,93.32386
16,0.06506657,-23.20047,0.043430462,0.06503052,0.6407045,94.04523
16,0.08415332,-21.77213,0.045653205,0.12486668,0.63542074,94.77784
16,0.11319928,-19.96975,0.051212296,0.100706086,0.63013697,95.52195
16,0.14842156,-15.906861,0.07046305,0.08636207,0.6248532,96.27784
16,0.17839777,-14.921611,0.23139212,0.13852946,0.6195695,97.04579
16,0.19177921,-13.450816,0.05257718,0.3028693,0.6142857,97.82609
16,0.18637222,-13.63967,0.11655991,0.043672703,0.6040372,99.3759
16,0.17027023,-14.4562845,0.070429124,0.091232285,0.59378874,100.97562
16,0.15788792,-14.905639,0.031327523,0.05271839,0.5835404,102.62766
16,0.15829585,-16.005856,0.04634276,0.02743888,0.5732919,104.33468
16,0.16619006,-15.840837,0.12998551,0.04116358,0.5630434,106.09944
16,0.1697142,-14.7159605,0.07959247,0.13477509,0.55279505,107.92492
16,0.16475275,-15.377625,0.0841739,0.11348915,0.5425466,109.81432
16,0.15748672,-16.203758,0.052159958,0.058593333,0.53229815,111.77106
16,0.15371583,-15.774869,0.057356346,0.06001246,0.52204967,113.7988
16,0.14890194,-15.773059,0.17482647,0.056308478,0.51180124,115.90145
16,0.13423039,-15.906384,0.033054225,0.16262476,0.5015528,118.08328
16,0.108683966,-18.411667,0.02085433,0.025019133,0.49130434,120.34884
16,0.078983545,-21.047386,0.024767227,0.01856056,0.48105592,122.703026
16,0.052998416,-23.09594,0.022472812,0.043902576,0.47080746,125.151146
16,0.037877098,-25.278984,0.019208979,0.07615648,0.460559,127.69895
16,0.041556504,-25.775497,0.018273847,0.060932115,0.4503106,130.35265
16,0.06988807,-24.377693,0.030630177,0.04313293,0.4400621,133.11897
16,0.11788564,-20.550907,0.06216907,0.09518502,0.42981368,136.00525
16,0.16461776,-16.682838,0.11488548,0.18068083,0.4195652,139.01949
16,0.18340613,-14.510747,0.13988948,0.20944002,0.40931678,142.17033
16,0.16462593,-14.530919,0.09832907,0.15673174,0.39906833,145.46733
16,0.12963107,-15.4500265,0.015719326,0.08858804,0.38881987,148.92087
16,0.11777599,-17.814796,0.032295763,0.028146582,0.37857145,152.54237
16,0.15764873,-16.19236,0.10108393,0.042642735,0.368323,156.3444
16,0.24587344,-14.631291,0.16219853,0.15781201,0.35807455,160.34082
16,0.3439582,-8.759625,0.13673316,0.17917223,0.3478261,164.5469
16,0.39660683,-7.5797873,0.4428104,0.12924553,0.33757764,168.97958
16,0.3723026,-7.3088007,0.110163175,0.19581279,0.3273292,173.65773
16,0.29040167,-9.476617,0.057865683,0.051370274,0.31708077,178.60225
16,0.19838487,-12.836234,0.06539468,0.018285695,0.3068323,183.83658
16,0.13176753,-14.89549,0.05211609,0.034063082,0.29658386,189.38701
16,0.096778445,-17.96376,0.053717863,0.052502774,0.2863354,195.283
16,0.08108288,-19.236084,0.016968176,0.046665993,0.27608696,201.55794
16,0.07234067,-21.951271,0.019563567,0.018499123,0.26583853,208.2495
16,0.06832967,-22.575024,0.04796279,0.03390897,0.25559005,215.40063
16,0.07660001,-21.083305,0.037013914,0.10791383,0.24534163,223.06035
16,0.10573865,-20.390968,0.07700556,0.11675244,0.23509316,231.28493
16,0.15304103,-18.689716,0.048305776,0.1497717,0.22484472,240.1392
16,0.19740199,-15.097968,0.098025836,0.09604353,0.21459626,249.69844
16,0.21070036,-12.465095,0.21528924,0.14678562,0.20434783,260.05026
16,0.19031964,-12.157357,0.16749173,0.21796659,0.19409937,271.29752
16,0.17898944,-12.637361,0.034428723,0.14092572,0.18385093,283.56165
16,0.23319983,-14.585662,0.10640561,0.021372603,0.17360249,296.9871
16,0.36280078,-8.87675,0.17982505,0.06130343,0.16335404,311.74698
16,0.50687027,-6.29103,0.58082503,0.14915274,0.1531056,328.05072
16,0.578858,-4.360444,0.34476537,0.27517518,0.14285713,346.15384
16,0.54090667,-4.8316145,0.2917528,0.15401341,0.13736263,356.7073
16,0.4322777,-5.68032,0.08941261,0.06446248,0.13186812,367.92453
16,0.325532,-8.964934,0.09014893,0.017213305,0.12637362,379.87012
16,0.2605024,-10.051747,0.10673057,0.042906515,0.12087912,392.61746
16,0.2252448,-11.072452,0.17445238,0.032716148,0.115384616,406.25
16,0.18974955,-11.53419,0.036113977,0.061503444,0.10989011,420.8633
16,0.14149003,-16.070274,0.054230094,0.03705235,0.104395606,436.56717
16,0.09267732,-18.185219,0.04149538,0.040605742,0.0989011,453.48837
16,0.0691561,-20.246082,0.023172168,0.043312736,0.093406595,471.7742
16,0.092538804,-21.697956,0.037924707,0.045657855,0.08791209,491.59662
16,0.16307236,-13.421512,0.058452062,0.1074668,0.082417585,513.1579
16,0.2535931,-11.681565,0.4317737,0.08239979,0.07692308,536.69727
16,0.3234168,-10.4448805,0.1425537,0.42517254,0.071428575,562.5
16,0.34084332,-9.414126,0.12153149,0.0987475,0.08392857,507.04227
16,0.29530874,-10.115737,0.22541456,0.037943467,0.096428566,461.53848
16,0.2061886,-10.911258,0.047411952,0.09608577,0.10892857,423.52942
16,0.12693329,-13.977805,0.049205136,0.04806978,0.12142857,391.30435
16,0.1299192,-15.5506735,0.050408244,0.03527553,0.13392857,363.63635
16,0.26652664,-13.304763,0.043093473,0.03934467,0.14642856,339.62265
16,0.5128489,-5.985797,0.49338284,0.060583867,0.15892857,318.58408
16,0.7556324,-2.8389196,0.6927012,0.37073717,0.17142856,300.0
16,0.8640659,-1.0333557,0.6195727,0.28262514,0.21714287,247.25275
16,0.7906803,-1.6368856,0.3431881,0.18867381,0.26285714,210.28036
16,0.59981,-3.0342646,0.13768847,0.045982815,0.30857146,182.92682
16,0.39965582,-6.5929117,0.09793143,0.039391972,0.35428572,161.87051
16,0.26010802,-9.094327,0.08992711,0.013477367,0.4,145.16129
16,0.190684,-11.465713,0.061902124,0.025347345,0.4457143,131.57895
16,0.16582689,-13.895301,0.036367062,0.041362617,0.49142858,120.320854
16,0.15351616,-16.799084,0.04308892,0.014143942,0.5371428,110.83744
16,0.1318136,-16.541454,0.04149937,0.020453146,0.58285713,102.73973
16,0.10085148,-17.477638,0.12102008,0.050529994,0.6285714,95.74468
16,0.09287765,-16.360394,0.0392628,0.12573528,0.6742857,89.64143
16,0.16165714,-16.174858,0.10020258,0.06163077,0.71999997,84.26966
16,0.3357936,-12.0218,0.072362304,0.14069137,0.7657143,79.505295
16,0.5654517,-6.5095987,0.404842,0.09185259,0.81142855,75.25083
16,0.72976166,-2.1753721,0.700049,0.33335465,0.8571428,71.42857
16,0.73474914,-1.8663807,0.631596,0.2897036,0.8469387,72.24771
16,0.61026204,-2.4787989,0.09905337,0.13057272,0.83673465,73.085846
16,0.47703624,-5.6572046,0.092959784,0.018417139,0.8265306,73.943665
16,0.42302334,-7.2424574,0.25303054,0.044693567,0.8163265,74.82185
16,0.44249526,-5.839101,0.328779,0.13412225,0.8061224,75.72115
16,0.47516397,-5.7895536,0.34410152,0.14569584,0.79591835,76.64234
16,0.472029,-5.6954145,0.119191304,0.07298363,0.7857142,77.58621
16,0.4217628,-7.289645,0.18183485,0.026930405,0.77551013,78.55362
16,0.34046957,-8.420115,0.12425943,0.09276046,0.76530606,79.545456
16,0.25464416,-10.235528,0.06336385,0.054899473,0.755102,80.56266
16,0.1858986,-13.059405,0.049140204,0.02819689,0.7448979,81.60622
16,0.14159834,-14.940833,0.048945386,0.022421787,0.7346938,82.67717
16,0.11736317,-16.92865,0.046073478,0.051359404,0.72448975,83.776596
16,0.106610514,-18.434788,0.023243215,0.03696346,0.7142857,84.90566
16,0.10580377,-19.362488,0.035077743,0.028585307,0.7040816,86.065575
16,0.11345818,-18.693089,0.06560644,0.04446529,0.6938775,87.25762
16,0.12889428,-17.653568,0.071401075,0.10980581,0.68367344,88.48315
16,0.15203093,-16.670097,0.07577262,0.14108463,0.67346936,89.74359
16,0.17985605,-16.523685,0.09498078,0.12683813,0.6632653,91.04047
16,0.20178267,-13.330157,0.08276988,0.109204985,0.6530612,92.37537
16,0.20490591,-12.654775,0.22616358,0.07237093,0.6428571,93.75
16,0.19172263,-12.779025,0.07334909,0.13344112,0.632653,95.16617
16,0.18723412,-14.939805,0.037512366,0.073457815,0.6224489,96.62577
16,0.21751036,-12.510261,0.12102773,0.04169354,0.61224484,98.130844
16,0.2861272,-11.154166,0.2825062,0.10762124,0.60204077,99.68355
16,0.37336606,-8.434417,0.12588246,0.21976174,0.5918367,101.28618
16,0.44566685,-8.158633,0.3629348,0.07902989,0.5816326,102.94118
16,0.46786457,-5.9539537,0.22589712,0.16881254,0.57142854,104.65116
16,0.42384094,-6.293977,0.32635593,0.08018272,0.56122446,106.41892
16,0.3318511,-7.3413744,0.04462908,0.09224521,0.5510204,108.24742
16,0.2329152,-11.095431,0.06492763,0.019210069,0.5408163,110.13986
16,0.1588322,-13.936831,0.085668705,0.035353288,0.53061223,112.09965
16,0.11557395,-15.990022,0.036065422,0.068290815,0.52040815,114.13044
16,0.091795854,-18.342888,0.026935028,0.025525594,0.5102041,116.23616
16,0.07616348,-20.692905,0.027269993,0.029002992,0.5,118.42105
16,0.06960281,-21.75536,0.027290544,0.028821943,0.48979592,120.68966
16,0.08546221,-21.70721,0.040104076,0.044538748,0.47959185,123.046875
16,0.13763344,-17.439884,0.08884473,0.09898079,0.46938777,125.49801
16,0.2254867,-13.313619,0.15539064,0.16170727,0.45918366,128.04878
16,0.3260677,-10.712626,0.2312039,0.20150594,0.4489796,130.7054
16,0.39985946,-7.492322,0.17207853,0.19218235,0.4387755,133.47458
16,0.41113287,-6.92731,0.46454474,0.11725842,0.42857143,136.36363
16,0.35518196,-7.3939085,0.1251719,0.16762221,0.41836736,139.38054
16,0.271407,-9.396192,0.04095463,0.06226454,0.40816328,142.53394
16,0.2190002,-12.230903,0.06804294,0.014899013,0.3979592,145.83333
16,0.23549353,-12.307321,0.0944052,0.041026875,0.3877551,149.2891
16,0.31254745,-11.494039,0.18884185,0.09500754,0.37755102,152.91263
16,0.40056252,-8.122113,0.20070957,0.15878578,0.36734694,156.71642
16,0.43865073,-6.971244,0.44275197,0.12484249,0.35714287,160.71428
16,0.39807263,-6.9907866,0.17679086,0.16568941,0.3469388,164.92146
16,0.30388477,-8.565629,0.069770426,0.03411525,0.3367347,169.35484
16,0.20740233,-12.35535,0.06787464,0.023969742,0.32653064,174.03314
16,0.14252494,-14.93497,0.048858248,0.045050625,0.31632653,178.97726
16,0.11095471,-16.69548,0.043442663,0.026491374,0.30612245,184.21053
16,0.097131,-18.468151,0.024683075,0.02816271,0.29591838,189.75903
16,0.08679949,-20.434032,0.022924673,0.031843357,0.2857143,195.65218
16,0.075524144,-21.363033,0.052920405,0.032820035,0.27551022,201.92307
16,0.071567096,-20.213902,0.049437866,0.07973123,0.26530614,208.60927
16,0.0940758,-19.709309,0.050302908,0.10184728,0.25510207,215.75342
16,0.15783948,-19.306782,0.045896802,0.10971917,0.24489798,223.40425
16,0.24932694,-9.9888735,0.0670545,0.0791405,0.2346939,231.61765
16,0.32367954,-8.146935,0.53339237,0.11370852,0.22448978,240.45802
16,0.3452188,-7.42406,0.21833804,0.38750118,0.2142857,250.0
16,0.33201075,-7.155143,0.090247296,0.11096022,0.22142859,243.24324
16,0.33707324,-10.451909,0.10691559,0.048485138,0.22857143,236.8421
16,0.38841975,-7.842147,0.157203,0.05518854,0.23571429,230.76924
16,0.45739073,-6.8743925,0.49772918,0.08754998,0.24285717,224.99998
16,0.48609275,-6.019515,0.19320677,0.21904983,0.25000003,219.51219
16,0.44135478,-6.6863317,0.20432194,0.059100166,0.25714287,214.28572
16,0.33877316,-8.032306,0.10491968,0.072127685,0.2642857,209.30232
16,0.22446987,-10.557546,0.047568675,0.01275074,0.27142856,204.54546
16,0.13925476,-14.304408,0.038602695,0.032172,0.27857146,199.99998
16,0.09566823,-17.587029,0.029785218,0.032321896,0.2857143,195.65218
16,0.07946231,-20.739353,0.027117398,0.045803495,0.29285714,191.48936
16,0.06889408,-21.638535,0.021412486,0.026496544,0.3,187.5
16,0.057316273,-22.219429,0.031354647,0.04715141,0.30714285,183.67348
16,0.06335393,-21.37844,0.03831221,0.057145845,0.31428573,180.0
16,0.11662108,-21.0624,0.04684126,0.08164298,0.3214286,176.47058
16,0.2229958,-18.41481,0.077561684,0.15327048,0.32857144,173.07692
16,0.33930427,-7.626828,0.34255406,0.1656781,0.33571428,169.81133
16,0.39724475,-6.548497,0.61024624,0.31030142,0.34285715,166.66666
16,0.37053216,-6.347245,0.06172263,0.27285913,0.33492064,170.16808
16,0.30389455,-9.886331,0.029318383,0.026608957,0.32698414,173.81973
16,0.26504913,-11.060714,0.0929766,0.0110617615,0.3190476,177.63159
16,0.2883373,-10.806552,0.23786256,0.064644516,0.31111112,181.61435
16,0.3633241,-9.07833,0.14105226,0.1801673,0.30317461,185.77982
16,0.45328966,-7.4368887,0.28737506,0.122006565,0.29523808,190.14085
16,0.51629454,-6.714576,0.30034965,0.1526857,0.2873016,194.71153
16,0.5223394,-5.6095953,0.30815056,0.14890401,0.2793651,199.50739
16,0.46606407,-5.63494,0.31789804,0.086495906,0.27142856,204.54546
16,0.3705838,-6.7790728,0.108556986,0.06602863,0.26349208,209.84456
16,0.27388197,-9.568299,0.07633889,0.031008113,0.25555557,215.42552
16,0.20387122,-12.149692,0.038774975,0.010560207,0.24761905,221.31148
16,0.16359505,-14.267692,0.0802077,0.031971585,0.23968256,227.52809
16,0.13943125,-15.638934,0.073961936,0.091009356,0.23174605,234.10403
16,0.12091632,-17.059952,0.029665237,0.054596055,0.22380953,241.07143
16,0.11086678,-18.750698,0.030034857,0.039068673,0.21587303,248.46626
16,0.12035469,-18.477055,0.038613766,0.031163294,0.2079365,256.32913
16,0.157094,-17.217602,0.09521304,0.085207425,0.2,264.70587
16,0.2153093,-13.6124735,0.119867235,0.16619205,0.19206351,273.64865
16,0.27448615,-11.875091,0.23736331,0.16442569,0.18412697,283.2168
16,0.31203488,-10.8217745,0.11935184,0.18626818,0.17619048,293.47827
16,0.32035494,-9.114108,0.16633052,0.0810221,0.16825399,304.51126
16,0.3154592,-8.982142,0.24145347,0.10555647,0.16031745,316.40625
16,0.33479753,-9.287425,0.08502242,0.120622635,0.15238096,329.2683
16,0.4076444,-7.372176,0.08752839,0.02782321,0.14444447,343.22034
16,0.51050895,-5.3097563,0.5439658,0.04614208,0.13650793,358.40707
16,0.574582,-4.155671,0.52441233,0.25089696,0.12857142,375.0
16,0.5544313,-4.13412,0.18744121,0.16949719,0.13809523,355.26318
16,0.46668452,-5.952632,0.12300193,0.05503136,0.14761904,337.5
16,0.35815108,-7.90932,0.19023682,0.030316051,0.15714286,321.42856
16,0.26259944,-9.51249,0.08097586,0.055234905,0.16666666,306.81818
16,0.19042738,-12.309981,0.057633813,0.014462651,0.17619048,293.47827
16,0.13796541,-14.980058,0.042866398,0.022810675,0.1857143,281.25
16,0.09928946,-17.764664,0.035790324,0.034040548,0.19523808,270.0
16,0.07534521,-19.665699,0.02720113,0.041087415,0.20476191,259.6154
16,0.075592086,-21.557709,0.02843988,0.029223828,0.2142857,250.0
16,0.10846019,-18.825542,0.033512853,0.066361055,0.22380953,241.07143
16,0.16843572,-16.715168,0.17403714,0.08244641,0.23333335,232.75862
16,0.23388474,-12.553819,0.1290806,0.26679835,0.24285717,224.99998
16,0.2792903,-11.511977,0.23379563,0.13540205,0.23500001,231.36246
16,0.29076618,-10.830022,0.11478338,0.17169335,0.22714287,238.09523
16,0.2716612,-11.171119,0.10232699,0.08351045,0.21928573,245.23161
16,0.2370826,-11.771419,0.1069933,0.07845614,0.21142857,252.80899
16,0.20747717,-12.686755,0.055850957,0.050609723,0.20357142,260.86957
16,0.20089433,-13.089187,0.07326553,0.022429693,0.19571428,269.4611
16,0.22353609,-13.550353,0.12163166,0.08303582,0.18785714,278.6378
16,0.26721585,-10.524053,0.09783568,0.12034328,0.18,288.46152
16,0.31349072,-10.1435,0.3918704,0.10050933,0.17214286,299.00333
16,0.34197193,-8.882916,0.07398808,0.21805315,0.16428572,310.34485
16,0.33861947,-9.081471,0.2816399,0.0449867,0.15642858,322.58063
16,0.29983625,-9.598166,0.15343818,0.10129841,0.14857142,335.8209
16,0.23647733,-11.012652,0.04502405,0.053022053,0.14071427,350.19455
16,0.16828687,-13.814004,0.048093297,0.022977749,0.13285714,365.85364
16,0.114109755,-16.168526,0.04582758,0.04141007,0.125,382.97873
16,0.08740769,-18.597267,0.02574954,0.05161199,0.11714285,401.78574
16,0.09341017,-20.401112,0.02761731,0.029412903,0.10928572,422.5352
16,0.1262829,-16.125092,0.053915907,0.048638016,0.10142857,445.54456
16,0.17093286,-14.796155,0.21930476,0.09257235,0.093571424,471.2042
16,0.2119208,-13.142751,0.08628641,0.24330309,0.08571428,500.0
16,0.23972186,-13.251319,0.12162192,0.09872719,0.092063494,476.47058
16,0.24648292,-12.878808,0.097054444,0.13083398,0.0984127,455.05618
16,0.2233777,-12.629407,0.09711541,0.08918331,0.104761906,435.4839
16,0.17263997,-13.137187,0.08476429,0.052386705,0.111111104,417.5258
16,0.123096645,-14.722604,0.033983655,0.052854333,0.11746031,400.9901
16,0.12118698,-17.542831,0.027466062,0.027290964,0.12380953,385.71426
16,0.19614112,-16.599232,0.078061245,0.029970726,0.13015874,371.55963
16,0.32991588,-10.492068,0.24905187,0.10596056,0.13650793,358.40707
16,0.4602833,-7.0273485,0.43473035,0.30055785,0.14285713,346.15384
16,0.5226637,-5.821479,0.3662525,0.27529895,0.1747253,295.45453
16,0.49615318,-5.7694235,0.15435126,0.10509563,0.20659341,257.70926
16,0.40914863,-6.4993105,0.18554835,0.027711326,0.23846154,228.51564
16,0.3086986,-8.7107,0.115264304,0.054800507,0.27032968,205.26315
16,0.23028702,-10.718301,0.045544636,0.04354319,0.3021978,186.30573
16,0.18184835,-13.6151495,0.0841322,0.043316703,0.33406594,170.55394
16,0.14883953,-14.602145,0.0860597,0.030994274,0.36593407,157.25807
16,0.117103666,-16.532574,0.0515419,0.044498518,0.3978022,145.88528
16,0.09119109,-17.729343,0.015781945,0.028219974,0.42967033,136.04651
16,0.09126203,-20.589588,0.026378501,0.02268952,0.46153846,127.45098
16,0.13275923,-20.762589,0.040653747,0.04737617,0.49340662,119.877045
16,0.20752059,-12.535369,0.21579374,0.111525565,0.5252747,113.15281
16,0.285612,-10.564555,0.31525382,0.34111968,0.55714285,107.14286
16,0.33921695,-9.632598,0.15152635,0.26287568,0.5448979,109.37501
16,0.35928082,-9.511863,0.1482208,0.1051507,0.5326531,111.702126
16,0.34853628,-8.69517,0.22555915,0.04790716,0.52040815,114.13044
16,0.31582117,-8.47671,0.24130426,0.06925007,0.5081633,116.66666
16,0.28523436,-9.166184,0.11741221,0.12040782,0.4959184,119.318184
16,0.29459098,-10.136527,0.09226356,0.0455367,0.48367348,122.09302
16,0.36618146,-9.782552,0.15562943,0.029759452,0.47142857,125.0
16,0.47751278,-7.1745577,0.36305514,0.10154291,0.45918366,128.04878
16,0.56604475,-5.0475245,0.42753544,0.2099886,0.44693878,131.25
16,0.57175404,-4.2939196,0.3580978,0.10901479,0.4346939,134.61539
16,0.4852596,-5.133525,0.19514355,0.10756235,0.42244896,138.1579
16,0.3559091,-7.103303,0.06092559,0.03785766,0.41020408,141.89189
16,0.24641652,-10.864329,0.06354676,0.011932645,0.3979592,145.83333
16,0.18536364,-12.881843,0.07162994,0.050641414,0.3857143,150.0
16,0.15930024,-14.892337,0.05681758,0.07147003,0.3734694,154.41176
16,0.13831306,-15.30742,0.039968465,0.033100277,0.36122447,159.09091
16,0.108261846,-16.550217,0.11057877,0.028761929,0.3489796,164.0625
16,0.08959597,-17.184288,0.037645195,0.14333473,0.3367347,169.35484
16,0.12885131,-17.37458,0.03638119,0.04593229,0.3244898,175.0
16,0.25688303,-14.134406,0.11776173,0.057013102,0.3122449,181.03448
16,0.44218484,-9.853154,0.327004,0.18485901,0.3,187.5
16,0.5903579,-4.810151,0.39356533,0.2632341,0.2877551,194.44444
16,0.61141014,-3.6624136,0.5382483,0.24831533,0.27551022,201.92307
16,0.5056401,-3.888154,0.2364547,0.1782727,0.26326534,209.99998
16,0.37643573,-5.9115267,0.059668142,0.046995226,0.2510204,218.75002
16,0.341827,-9.244016,0.07554793,0.0053495476,0.23877552,228.26088
16,0.4311836,-8.089061,0.24963741,0.041534044,0.22653063,238.63637
16,0.56799316,-4.5833273,0.42835316,0.11383858,0.2142857,250.0
16,0.64764804,-3.6013823,0.5680542,0.24978362,0.2020408,262.5
16,0.6237935,-3.7139273,0.15721045,0.21287437,0.18979593,276.3158
16,0.52408355,-5.5388346,0.2114161,0.02770246,0.17755103,291.66666
16,0.40296486,-6.5957594,0.160491,0.046871927,0.16530614,308.82352
16,0.29754925,-8.601306,0.13771209,0.047954973,0.15306121,328.125
16,0.21897309,-10.110343,0.041136764,0.033112317,0.14081633,350.0
16,0.15997222,-14.372897,0.0355278,0.017688075,0.12857142,375.0
16,0.10590168,-17.422604,0.038805664,0.0417535,0.11632653,403.84613
16,0.054233145,-19.00047,0.029149374,0.029945008,0.10408163,437.50003
16,0.031136218,-21.951138,0.02111928,0.05100019,0.091836736,477.27274
16,0.08168427,-22.50301,0.029118478,0.062324904,0.07959184,525.0
16,0.22707745,-14.449851,0.054139506,0.08444728,0.06734694,583.3333
16,0.42123172,-7.711686,0.4619468,0.12740836,0.05510204,656.25
16,0.5641605,-4.753459,0.6548619,0.55148405,0.04285714,750.0
16,0.58577377,-3.7059736,0.3691671,0.267282,0.07619048,540.0
16,0.5157765,-4.5563593,0.16900311,0.09363078,0.10952381,421.875
16,0.4548501,-6.9531965,0.07692771,0.041127626,0.14285713,346.15384
16,0.47456458,-6.2671976,0.1065945,0.031658545,0.17619048,293.47827
16,0.5479873,-4.6138086,0.655265,0.066984095,0.20952383,254.71698
16,0.5857496,-3.7096148,0.41061303,0.33378386,0.24285717,224.99998
16,0.53426695,-4.0443296,0.11052912,0.11787132,0.25357145,216.86746
16,0.41709504,-6.867091,0.12307618,0.025576893,0.2642857,209.30232
16,0.29412797,-9.323386,0.11204271,0.061445247,0.275,202.24721
16,0.20612577,-11.653569,0.062314086,0.0545559,0.2857143,195.65218
16,0.1561229,-13.62242,0.059772186,0.023079237,0.29642856,189.4737
16,0.12636025,-15.524817,0.04077512,0.02074008,0.30714285,183.67348
16,0.1024712,-18.256065,0.02873183,0.044107616,0.31785715,178.21782
16,0.08276855,-20.844276,0.019021899,0.04753802,0.32857144,173.07692
16,0.071751654,-22.986092,0.019236177,0.023163343,0.3392857,168.2243
16,0.071221106,-21.922161,0.034844387,0.06181125,0.35000002,163.63635
16,0.079355866,-21.415066,0.048897926,0.07997724,0.3607143,159.29204
16,0.09466689,-20.319916,0.03285717,0.11303137,0.37142858,155.17242
16,0.11534761,-20.055885,0.052583992,0.08775513,0.38214287,151.2605
16,0.13483477,-18.42989,0.06049316,0.1463182,0.39285716,147.54099
16,0.14283201,-16.567917,0.09282852,0.094218895,0.40357143,144.0
16,0.13524725,-16.223259,0.08918581,0.13681503,0.41428572,140.625
16,0.12246375,-17.307274,0.029742587,0.092054516,0.425,137.40459
16,0.12201088,-17.379818,0.022367513,0.034030404,0.43571427,134.32835
16,0.14193189,-16.449814,0.16551352,0.026640197,0.4464286,131.38686
16,0.17554882,-14.310473,0.09545294,0.30412257,0.45714286,128.57143
16,0.21011744,-13.7008295,0.14800242,0.10360957,0.4702041,125.29833
16,0.23390746,-13.136361,0.080715716,0.13554384,0.4832653,122.187744
16,0.23737153,-12.139924,0.11167058,0.04296324,0.49632654,119.22786
16,0.2149307,-12.800954,0.14920186,0.08426262,0.50938773,116.40799
16,0.17210613,-12.992543,0.024751129,0.076830745,0.522449,113.71841
16,0.124769546,-16.877071,0.024134677,0.023899207,0.5355102,111.150314
16,0.08767152,-19.164307,0.050494105,0.027322259,0.5485714,108.695656
16,0.06669783,-21.369457,0.029895559,0.08048954,0.5616326,106.34707
16,0.06062864,-22.170887,0.019942349,0.036422987,0.57469386,104.09782
16,0.06659351,-23.371643,0.026198475,0.043522798,0.5877551,101.94175
16,0.08268505,-21.403194,0.04913808,0.051057007,0.6008163,99.87318
16,0.10638993,-19.928463,0.0844322,0.15812281,0.6138775,97.886894
16,0.13245118,-18.325508,0.060967237,0.16457982,0.62693876,95.97806
16,0.15303263,-16.776691,0.07186086,0.073818594,0.64,94.14226
16,0.16217667,-15.570361,0.14427646,0.118152946,0.6530612,92.37537
16,0.16368955,-14.664863,0.08170838,0.15173464,0.66612244,90.67357
16,0.17212923,-14.894034,0.07637479,0.04800418,0.67918366,89.03335
16,0.20026687,-14.920001,0.06165944,0.06886364,0.6922449,87.451416
16,0.24441893,-12.139161,0.08320448,0.05438037,0.70530605,85.92471
16,0.28430203,-10.975503,0.21927272,0.08804605,0.71836734,84.4504
16,0.30146086,-10.669253,0.14463958,0.17697203,0.73142856,83.025826
16,0.29408684,-10.186862,0.087043226,0.10179877,0.7444898,81.64852
16,0.27210557,-10.948012,0.22856276,0.04816616,0.75755095,80.31617
16,0.2475151,-11.263526,0.06701607,0.13120688,0.77061224,79.02659
16,0.22797434,-12.460702,0.04898404,0.04197444,0.78367347,77.77778
16,0.20972247,-13.02538,0.11983324,0.01894608,0.7967347,76.56782
16,0.18108961,-13.73738,0.103934646,0.072869144,0.80979586,75.39493
16,0.13653645,-15.375487,0.022398861,0.07566355,0.82285714,74.25742
16,0.08615422,-18.900154,0.026766313,0.021432053,0.83591837,73.15374
16,0.054577034,-20.532936,0.02623705,0.02852892,0.8489796,72.08238
16,0.07081376,-21.55624,0.03655818,0.044380855,0.86204076,71.04195
16,0.14836472,-20.581467,0.04378054,0.048855245,0.87510204,70.03112
16,0.26333126,-9.818868,0.13022429,0.11023999,0.88816327,69.04866
16,0.35623994,-8.277932,0.6203035,0.2383031,0.90122443,68.09338
16,0.37624502,-7.371257,0.15636979,0.42802852,0.91428566,67.16418
16,0.32682878,-7.519017,0.08058656,0.06927767,0.90277183,67.981964
16,0.25797927,-10.487775,0.07613126,0.016426245,0.89125794,68.81991
16,0.22385481,-12.064412,0.12164521,0.037979357,0.8797441,69.678764
16,0.24522054,-13.264724,0.038593326,0.06906408,0.8682302,70.559326
16,0.29536903,-8.399802,0.26293054,0.041637257,0.8567164,71.46243
16,0.32417017,-8.24447,0.4608081,0.19018121,0.8452025,72.38896
16,0.30781296,-7.6489477,0.031138578,0.20180796,0.8336887,73.33982
16,0.26482502,-12.135024,0.1308463,0.02470792,0.82217485,74.315994
16,0.22429472,-10.893605,0.0480978,0.063005336,0.81066096,75.31851
16,0.19530794,-12.298747,0.27608207,0.037517603,0.7991471,76.34844
16,0.1704529,-12.454753,0.024512153,0.1623146,0.78763324,77.40693
16,0.14459714,-16.028797,0.024784883,0.025736924,0.7761194,78.49518
16,0.119206175,-17.517979,0.051716857,0.014727531,0.7646055,79.61447
16,0.098974384,-18.596546,0.05504523,0.06660854,0.7530917,80.766136
16,0.08961925,-19.229546,0.02424231,0.09720772,0.7415778,81.95162
16,0.093951054,-21.133755,0.040461633,0.040758282,0.730064,83.17241
16,0.10817983,-19.703358,0.03985639,0.04786576,0.7185501,84.43013
16,0.12300722,-18.334167,0.09144656,0.07887098,0.70703626,85.72647
16,0.13057849,-17.5708,0.076027945,0.17894447,0.69552237,87.06324
16,0.13243312,-17.057205,0.058784105,0.10351464,0.68400854,88.44236
16,0.13972509,-17.674416,0.05612062,0.07486973,0.6724946,89.865875
16,0.16418122,-14.109584,0.036125828,0.050554775,0.66098076,91.33596
16,0.20738803,-13.142573,0.2643083,0.042989593,0.6494669,92.85495
16,0.26024643,-11.343867,0.106309354,0.23395328,0.63795304,94.42531
16,0.3107118,-10.660745,0.15468809,0.10805631,0.6264392,96.04969
16,0.3474421,-9.491921,0.1940755,0.09667304,0.6149253,97.73096
16,0.36084,-8.441333,0.2493897,0.1505343,0.6034115,99.472115
16,0.34895068,-8.863482,0.21371354,0.10120147,0.5918976,101.27645
16,0.31947896,-8.406436,0.07013847,0.07537057,0.5803838,103.147446
16,0.2784861,-10.456244,0.31170723,0.04243639,0.5688699,105.08888
16,0.22820492,-10.723374,0.07331163,0.14795128,0.55735606,107.10479
16,0.17631918,-13.360578,0.052898012,0.026963498,0.5458422,109.19957
16,0.13410108,-15.605369,0.03710723,0.017496701,0.5343284,111.37791
16,0.10755785,-18.43237,0.05323706,0.032778434,0.5228145,113.644936
16,0.09656591,-18.901688,0.03405352,0.07465572,0.5113007,116.00616
16,0.102160685,-19.815937,0.03715685,0.032437302,0.49978676,118.46759
16,0.13161464,-16.335415,0.08747651,0.044768225,0.48827294,121.03573
16,0.1953794,-14.691108,0.16731718,0.17797741,0.47675908,123.71768
16,0.2940488,-10.553016,0.09265749,0.16919936,0.46524522,126.521194
16,0.40088457,-8.626002,0.41764873,0.11108688,0.45373136,129.4547
16,0.46482456,-6.0480356,0.26464742,0.2523423,0.4422175,132.52747
16,0.45234087,-5.8725214,0.30272654,0.10961853,0.43070364,135.74966
16,0.39000195,-6.284581,0.10412776,0.07348438,0.41918978,139.13245
16,0.3465098,-9.195235,0.081839345,0.027670238,0.40767592,142.68813
16,0.3631461,-9.109778,0.15923856,0.077703655,0.39616203,146.43031
16,0.4136619,-7.4786024,0.36420825,0.11204016,0.38464817,150.37407
16,0.43716162,-6.763562,0.28948483,0.18554667,0.37313432,154.53613
16,0.40050834,-7.1964445,0.16052437,0.11467092,0.36162046,158.93517
16,0.32013133,-9.238828,0.098063745,0.07551103,0.3501066,163.59198
16,0.23561786,-11.49446,0.08204521,0.030233115,0.33859277,168.52989
16,0.17462213,-13.227908,0.059841715,0.050103396,0.3270789,173.7752
16,0.13871163,-15.567626,0.06717811,0.063272096,0.31556505,179.35751
16,0.11521395,-16.3933,0.04071537,0.044318862,0.3040512,185.31038
16,0.098254986,-18.253647,0.033701353,0.036687363,0.29253733,191.67197
16,0.09838458,-19.95684,0.044974938,0.038576316,0.28102347,198.48584
16,0.1322277,-17.72599,0.050065633,0.05623017,0.2695096,205.80205
16,0.20150286,-15.844085,0.18646535,0.113551475,0.25799575,213.67824
16,0.28316674,-10.280274,0.14239939,0.23501506,0.24648188,222.18129
16,0.34205377,-9.595405,0.34625491,0.12906899,0.23496802,231.3891
16,0.35508835,-8.184865,0.115369834,0.208477,0.22345416,241.39311
16,0.32428557,-9.647828,0.24815488,0.07936937,0.2119403,252.30125
16,0.2747941,-9.739865,0.062030647,0.10121331,0.20042644,264.24188
16,0.24433549,-11.302655,0.11012619,0.04099352,0.18891259,277.3689
16,0.26159167,-12.535172,0.06340585,0.047351886,0.17739871,291.86835
16,0.32501963,-8.642848,0.14740588,0.032427277,0.16588485,307.96732
16,0.4013052,-7.7683725,0.6149956,0.14450039,0.154371,325.94595
16,0.45463324,-6.467883,0.15398824,0.30839032,0.14285713,346.15384
16,0.47187403,-6.983979,0.2222903,0.0842972,0.17252748,298.4694
16,0.45527062,-7.000123,0.27167243,0.063092254,0.20219782,262.33185
16,0.4105177,-7.083768,0.15306965,0.08598769,0.23186816,233.99998
16,0.3449854,-8.190139,0.16323315,0.043611314,0.26153848,211.19135
16,0.2690714,-10.229644,0.07273592,0.06635121,0.2912088,192.4342
16,0.19550881,-12.303859,0.04830751,0.033216476,0.3208791,176.73717
16,0.1343531,-15.543887,0.05388597,0.023059934,0.35054946,163.40782
16,0.09221869,-17.316635,0.025964709,0.025075207,0.3802198,151.94804
16,0.076433636,-20.229889,0.023597928,0.016473241,0.40989012,141.9903
16,0.094529964,-21.827454,0.031585295,0.019756526,0.43956044,133.2574
16,0.14732108,-15.478223,0.10410341,0.06899894,0.46923077,125.536476
16,0.2231814,-13.978641,0.27447608,0.18160397,0.49890113,118.661255
16,0.30081406,-10.326539,0.08453505,0.30969012,0.5285715,112.49999
16,0.3557504,-8.5182085,0.35143527,0.08870227,0.5214285,113.92406
16,0.37200823,-8.152448,0.29446658,0.19950782,0.5142857,115.38462
16,0.3562642,-7.8458223,0.09179251,0.13081665,0.50714284,116.88312
16,0.32909662,-9.512074,0.13744542,0.047149334,0.5,118.42105
16,0.3045935,-10.00627,0.19771694,0.03994947,0.49285716,120.0
16,0.28889376,-9.496778,0.0913011,0.09910882,0.4857143,121.62162
16,0.28643563,-10.474872,0.18531671,0.041664958,0.47857144,123.28767
16,0.30089143,-10.303786,0.122783884,0.104230076,0.47142857,125.0
16,0.32951686,-10.969535,0.11636847,0.06803152,0.46428573,126.76057
16,0.35352316,-8.503013,0.17564145,0.062353663,0.45714286,128.57143
16,0.34319282,-8.426631,0.34407642,0.09699342,0.45000002,130.43478
16,0.2868726,-8.634242,0.102581784,0.1519964,0.44285718,132.35294
16,0.2067208,-11.787566,0.03805297,0.032311097,0.43571427,134.32835
16,0.13539946,-15.881305,0.04476057,0.019643985,0.42857143,136.36363
16,0.08974344,-18.259033,0.025566127,0.03566444,0.4214286,138.46153
16,0.07004722,-19.94593,0.021598661,0.027044041,0.41428572,140.625
16,0.07297886,-21.364544,0.038474616,0.037584186,0.40714285,142.85715
16,0.098766826,-20.92949,0.040946078,0.06736702,0.4,145.16129
16,0.14535463,-18.565758,0.06914902,0.08718227,0.39285716,147.54099
16,0.19859406,-14.730418,0.16140911,0.13976844,0.3857143,150.0
16,0.2355221,-12.706641,0.17588659,0.23279734,0.37857145,152.54237
16,0.24212873,-12.151134,0.10861829,0.15244721,0.37142858,155.17242
16,0.2263693,-12.645423,0.07928873,0.06951098,0.3642857,157.89474
16,0.212565,-12.836211,0.092948295,0.062351428,0.35714287,160.71428
16,0.22319177,-12.786693,0.082066484,0.059372347,0.35000002,163.63635
16,0.26255217,-11.243136,0.14566986,0.050881233,0.34285715,166.66666
16,0.31172663,-9.974158,0.21577932,0.13046218,0.33571428,169.81133
16,0.34290403,-9.094913,0.22054215,0.13714199,0.32857144,173.07692
16,0.34078223,-9.273791,0.111213975,0.113902904,0.3214286,176.47058
16,0.3084116,-10.163487,0.12158247,0.03692014,0.31428573,180.0
16,0.25813466,-11.110116,0.1525283,0.06187791,0.30714285,183.67348
16,0.20330226,-12.556758,0.06452789,0.08656209,0.3,187.5
16,0.154006,-14.514369,0.03602613,0.023379747,0.29285714,191.48936
16,0.1146269,-17.17754,0.049039472,0.050007243,0.2857143,195.65218
16,0.08747128,-18.355778,0.02614862,0.0538322,0.27857146,199.99998
16,0.07899114,-20.65622,0.040946104,0.031704847,0.27142856,204.54546
16,0.09891516,-21.310959,0.03511292,0.0662876,0.2642857,209.30232
16,0.1491599,-16.686707,0.051257625,0.07206144,0.25714287,214.28572
16,0.21358354,-13.7393675,0.25485188,0.10250914,0.25000003,219.51219
16,0.26581043,-12.322892,0.11651164,0.28136954,0.24285717,224.99998
16,0.28799337,-10.638747,0.12709835,0.09118051,0.25000003,219.51219
16,0.28028104,-11.104974,0.15634383,0.1129601,0.25714287,214.28572
16,0.2582764,-10.980884,0.078028254,0.08991712,0.2642857,209.30232
16,0.24000446,-12.224053,0.114761315,0.0653596,0.27142856,204.54546
16,0.23425907,-11.862357,0.08764637,0.09732382,0.27857146,199.99998
16,0.24208525,-12.334838,0.1299112,0.054647043,0.2857143,195.65218
16,0.25966486,-12.291854,0.0748144,0.110013105,0.29285714,191.48936
16,0.27390927,-11.384204,0.14940117,0.0341522,0.3,187.5
16,0.26541063,-11.163625,0.20040777,0.118907146,0.30714285,183.67348
16,0.22672936,-11.436122,0.060636736,0.092717454,0.31428573,180.0
16,0.17092645,-13.522872,0.047141198,0.029408582,0.3214286,176.47058
16,0.117601335,-17.295834,0.033326656,0.041647907,0.32857144,173.07692
16,0.07757752,-19.86758,0.020817213,0.025852552,0.33571428,169.81133
16,0.05145479,-22.632416,0.020350853,0.04490446,0.34285715,166.66666
16,0.038066212,-24.687588,0.014092186,0.058836307,0.35000002,163.63635
16,0.041777417,-26.066769,0.017539876,0.04114711,0.35714287,160.71428
16,0.0703824,-25.118359,0.02195702,0.05898069,0.3642857,157.89474
16,0.12467185,-19.977928,0.07615642,0.08569071,0.37142858,155.17242
16,0.19179092,-13.84994,0.20963326,0.20772205,0.37857145,152.54237
16,0.2543585,-11.837789,0.27643463,0.32157293,0.3857143,150.0
16,0.30463025,-11.021529,0.097944945,0.21695389,0.38761905,149.33629
16,0.33882225,-10.92995,0.11867011,0.046500724,0.3895238,148.67842
16,0.34177327,-8.265542,0.21319449,0.057116978,0.3914286,148.0263
16,0.30176374,-8.345553,0.39470595,0.11102473,0.39333335,147.37991
16,0.24567193,-9.077231,0.047776297,0.18123244,0.3952381,146.73914
16,0.23224641,-12.493871,0.031284552,0.042300656,0.3971429,146.1039
16,0.2932343,-13.054477,0.15741138,0.011312978,0.3990476,145.47414
16,0.3942978,-6.8503447,0.2601753,0.1820027,0.40095237,144.8498
16,0.46384898,-6.053508,0.5927773,0.17084959,0.40285715,144.23076
16,0.46021086,-5.3573885,0.10397477,0.22112717,0.4047619,143.61702
16,0.40087497,-8.139968,0.1817375,0.0668501,0.40666667,143.00848
16,0.33078247,-9.058505,0.103204384,0.06486259,0.40857145,142.40506
16,0.27891722,-9.546504,0.092493385,0.053202756,0.4104762,141.80672
16,0.24274859,-10.6270685,0.2158565,0.04439148,0.41238096,141.2134
16,0.20708142,-11.587924,0.06973078,0.08801252,0.41428572,140.625
16,0.1692176,-13.319797,0.02557491,0.030565992,0.41619048,140.04149
16,0.14078505,-16.587654,0.041017495,0.022625353,0.41809523,139.46281
16,0.13520852,-17.774055,0.03411758,0.029017048,0.42000002,138.88889
16,0.15774368,-15.200793,0.12922916,0.045153342,0.42190477,138.31967
16,0.20365289,-12.915721,0.16760373,0.21175146,0.42380953,137.75511
16,0.2635558,-11.57455,0.17302088,0.16692638,0.4257143,137.19511
16,0.3254975,-9.962972,0.13420016,0.18128191,0.42761907,136.63968
16,0.3717778,-8.756001,0.25511336,0.08662099,0.4295238,136.08871
16,0.3813341,-8.797381,0.24789648,0.11145076,0.43142858,135.54216
16,0.3459585,-8.161395,0.116291255,0.102666534,0.43333334,135.0
16,0.28606272,-9.395766,0.14340405,0.024536313,0.4352381,134.46216
16,0.24880062,-10.598954,0.05993522,0.054801024,0.43714288,133.92857
16,0.27714953,-11.940047,0.06318649,0.025756748,0.43904763,133.39922
16,0.36766046,-8.999171,0.34024072,0.049098615,0.4409524,132.87402
16,0.46623442,-6.790904,0.35068,0.24454825,0.44285718,132.35294
16,0.513359,-5.85909,0.25778517,0.18289497,0.4365546,134.09291
16,0.4884781,-6.4030066,0.16773231,0.06785816,0.4302521,135.87923
16,0.4129905,-7.1485205,0.17258412,0.07970827,0.42394957,137.71378
16,0.32272506,-8.744121,0.121861994,0.071884975,0.41764706,139.59854
16,0.24428107,-10.087752,0.08222266,0.028730305,0.41134453,141.53561
16,0.18766472,-12.642924,0.10468454,0.032018904,0.40504202,143.5272
16,0.14951682,-14.449088,0.037838053,0.064851575,0.3987395,145.57565
16,0.11994548,-17.908234,0.029459603,0.014670843,0.39243698,147.6834
16,0.0912561,-19.102745,0.038129173,0.0145034995,0.38613445,149.85309
16,0.07005809,-19.987576,0.03164347,0.05251568,0.37983194,152.08748
16,0.08283065,-19.628204,0.034428556,0.031355634,0.3735294,154.38951
16,0.16019507,-18.133472,0.07366146,0.07589135,0.3672269,156.7623
16,0.30267867,-11.678725,0.17111109,0.16879931,0.36092436,159.20917
16,0.45898333,-7.963628,0.33893558,0.23536082,0.35462186,161.73361
16,0.5510706,-4.7210894,0.33946973,0.22925203,0.34831932,164.33943
16,0.5366081,-4.5336485,0.5575122,0.16258864,0.34201682,167.03058
16,0.45440936,-4.8938494,0.08557956,0.19158718,0.33571428,169.81133
16,0.40191808,-7.7401686,0.15324932,0.04871433,0.32941177,172.68623
16,0.45162132,-7.58895,0.08372763,0.03151542,0.32310924,175.66017
16,0.5803358,-4.6515074,0.4231977,0.043319605,0.31680673,178.73833
16,0.68424624,-3.1328983,0.668686,0.215562,0.3105042,181.92628
16,0.6754006,-2.8819075,0.32436296,0.2206391,0.3042017,185.23003
16,0.5573643,-3.7521791,0.14198112,0.058817137,0.29789916,188.65599
16,0.40737385,-6.495919,0.1142806,0.023731485,0.29159665,192.21106
16,0.30258238,-9.1048765,0.088153325,0.049177263,0.28529412,195.9027
16,0.26402223,-10.966466,0.08392654,0.024359778,0.2789916,199.7389
16,0.2552389,-10.851544,0.13493651,0.027619231,0.27268907,203.72836
16,0.22795352,-11.218661,0.12342198,0.074790835,0.26638657,207.88043
16,0.171498,-12.183978,0.060553677,0.058772724,0.26008403,212.20528
16,0.12242393,-15.756526,0.022826305,0.051196683,0.25378153,216.71388
16,0.13392122,-17.634647,0.053359438,0.022677816,0.24747899,221.41824
16,0.2317885,-16.053638,0.0813805,0.050714105,0.24117647,226.33136
16,0.38518316,-7.8593264,0.3657258,0.08643172,0.23487395,231.46748
16,0.51977193,-5.812047,0.52786857,0.370069,0.22857143,236.8421
16,0.5722522,-4.3651915,0.22819574,0.23521022,0.2338346,232.33696
16,0.5312305,-5.424075,0.3063258,0.061664786,0.23909776,227.99998
16,0.43324226,-6.2765245,0.15380695,0.08012711,0.2443609,223.822
16,0.33624908,-7.625499,0.13519266,0.0454794,0.24962406,219.79436
16,0.28918666,-9.613357,0.091791965,0.03400465,0.25488722,215.90909
16,0.30641773,-11.029428,0.092035286,0.02262983,0.2601504,212.1588
16,0.35625812,-8.857392,0.20712124,0.066016346,0.26541355,208.53658
16,0.38137278,-8.049701,0.37839097,0.10774721,0.27067667,205.03598
16,0.34700862,-7.8909483,0.13294491,0.1693905,0.27593985,201.65094
16,0.2683941,-10.301888,0.06446936,0.052505203,0.281203,198.37587
16,0.18691047,-13.389045,0.050151736,0.023567678,0.28646618,195.20547
16,0.12989597,-16.01617,0.04980476,0.027229838,0.29172933,192.13483
16,0.09698358,-17.878147,0.032522835,0.04202046,0.29699248,189.1593
16,0.07544304,-19.92543,0.026867796,0.043245357,0.30225563,186.2745
16,0.062098294,-21.569576,0.029116482,0.03018769,0.3075188,183.4764
16,0.07072148,-21.835167,0.0205759,0.06246409,0.31278196,180.7611
16,0.11844814,-21.254452,0.06602408,0.039121166,0.31804514,178.12498
16,0.20284617,-15.075963,0.16136299,0.14278758,0.32330826,175.56468
16,0.29151148,-8.675502,0.17621423,0.25349987,0.32857144,173.07692
16,0.33933797,-7.783515,0.4835061,0.1459605,0.32197803,176.20482
16,0.32444912,-8.040935,0.0845392,0.18762486,0.3153846,179.44786
16,0.26635054,-10.742202,0.061050918,0.05089101,0.30879122,182.8125
16,0.20245998,-13.077277,0.105115846,0.032917317,0.3021978,186.30573
16,0.15863578,-14.026145,0.06267565,0.09009801,0.2956044,189.93506
16,0.14096591,-16.283733,0.048270255,0.046178605,0.289011,193.70862
16,0.1405103,-16.690723,0.056690868,0.039599698,0.28241757,197.63515
16,0.14210124,-16.594154,0.079894096,0.066986546,0.2758242,201.72414
16,0.13440295,-16.69709,0.05022345,0.09150594,0.26923078,205.98592
16,0.11625321,-17.986439,0.047420662,0.063465595,0.26263738,210.43166
16,0.09509248,-19.431576,0.03423316,0.057332616,0.25604397,215.07353
16,0.07955962,-20.93985,0.03065301,0.04472134,0.24945055,219.92482
16,0.07331799,-22.25024,0.016358195,0.046915237,0.24285717,224.99998
16,0.07397427,-22.252617,0.027139343,0.028833179,0.23626375,230.31496
16,0.076795325,-21.899319,0.044595595,0.05921015,0.22967035,235.8871
16,0.080747046,-21.460297,0.045237508,0.11625017,0.22307692,241.73553
16,0.09032788,-21.036491,0.04341849,0.116889484,0.21648352,247.88135
16,0.10927879,-19.875984,0.05171179,0.09985978,0.2098901,254.34782
16,0.13206296,-19.153538,0.064013846,0.09361133,0.20329669,261.1607
16,0.1431747,-16.45095,0.083041415,0.09213873,0.19670331,268.34863
16,0.13071582,-16.03347,0.15900116,0.12645052,0.1901099,275.9434
16,0.105940625,-16.47023,0.03986124,0.123653464,0.18351649,283.9806
16,0.10461623,-18.528316,0.022171577,0.03896183,0.17692307,292.5
16,0.15758108,-18.55973,0.038670592,0.026986698,0.17032966,301.5464
16,0.25551257,-11.589286,0.18883866,0.063681796,0.16373628,311.1702
16,0.3484785,-9.051,0.42719153,0.266483,0.15714286,321.42856
16,0.3879825,-8.241796,0.2001538,0.28680775,0.1632653,311.8812
16,0.36560965,-8.654773,0.13326469,0.12292121,0.16938776,302.8846
16,0.3079749,-9.877452,0.15470703,0.07291452,0.17551021,294.39252
16,0.24704918,-11.176177,0.093503565,0.15022632,0.18163265,286.36365
16,0.20009895,-12.248099,0.052601326,0.036759447,0.18775511,278.76108
16,0.16642827,-14.156659,0.10415662,0.009313527,0.19387753,271.55173
16,0.13619477,-15.750819,0.037429392,0.06392846,0.2,264.70587
16,0.10258913,-18.375217,0.02425557,0.030304978,0.20612246,258.19672
16,0.06820694,-21.072926,0.018511463,0.023467498,0.2122449,252.0
16,0.046259116,-23.070587,0.02558886,0.03221309,0.21836735,246.09375
16,0.057034917,-23.67118,0.029688697,0.060194153,0.22448978,240.45802
16,0.11606887,-19.523735,0.046550628,0.076431654,0.23061225,235.07463
16,0.21650308,-15.204734,0.18455331,0.10766974,0.2367347,229.927
16,0.3211302,-10.354711,0.23249872,0.27525866,0.24285717,224.99998
16,0.37921575,-8.148917,0.32388476,0.21873386,0.23500001,231.36246
16,0.36326173,-7.910239,0.22354254,0.18215622,0.22714287,238.09523
16,0.29601255,-9.176427,0.080589525,0.09111939,0.21928573,245.23161
16,0.23454987,-11.948949,0.06555657,0.029763142,0.21142857,252.80899
16,0.22213279,-13.055305,0.0701063,0.052931685,0.20357142,260.86957
16,0.2566677,-11.902669,0.15104212,0.055528715,0.19571428,269.4611
16,0.30287075,-10.435704,0.1967068,0.10671006,0.18785714,278.6378
16,0.3280712,-9.734048,0.17641467,0.12967457,0.18,288.46152
16,0.32363033,-9.674787,0.16453439,0.096532844,0.17214286,299.00333
16,0.29981732,-10.626481,0.107194506,0.12881312,0.16428572,310.34485
16,0.26826093,-10.473014,0.086837366,0.04229909,0.15642858,322.58063
16,0.230399,-11.4706335,0.24989642,0.026014272,0.14857142,335.8209
16,0.18415064,-12.220906,0.043041952,0.12363029,0.14071427,350.19455
16,0.13448046,-15.857221,0.022334222,0.013311367,0.13285714,365.85364
16,0.0905351,-19.109943,0.035612993,0.01843576,0.125,382.97873
16,0.061100174,-21.143127,0.023207929,0.0441462,0.11714285,401.78574
16,0.056137104,-23.191116,0.01679141,0.039519932,0.10928572,422.5352
16,0.087245606,-20.047462,0.041587416,0.022529982,0.10142857,445.54456
16,0.1616978,-14.931851,0.13604563,0.11895899,0.093571424,471.2042
16,0.27229205,-12.040166,0.26587886,0.25368097,0.08571428,500.0
16,0.38844717,-8.685954,0.19713393,0.23788996,0.092063494,476.47058
16,0.4590242,-6.5202723,0.3752806,0.10494978,0.0984127,455.05618
16,0.442679,-5.8988256,0.38198644,0.13901147,0.104761906,435.4839
16,0.35351875,-6.6270666,0.10277341,0.11595337,0.111111104,417.5258
16,0.2668253,-9.683755,0.06555627,0.033372592,0.11746031,400.9901
16,0.26332644,-12.113696,0.09423028,0.028512463,0.12380953,385.71426
16,0.3623652,-10.658826,0.10052109,0.07078119,0.13015874,371.55963
16,0.5004357,-5.5251245,0.47114393,0.104373276,0.13650793,358.40707
16,0.58077425,-4.4703627,0.62636995,0.2688955,0.14285713,346.15384
16,0.55667603,-4.245799,0.14256534,0.2324797,0.15384614,326.81564
16,0.4566597,-6.681018,0.14466248,0.05295962,0.16483516,309.5238
16,0.33854273,-8.435918,0.13614114,0.06297811,0.17582417,293.96985
16,0.24230213,-9.867061,0.090190396,0.041085795,0.18681318,279.9043
16,0.17843634,-12.723916,0.08058146,0.029425653,0.19780219,267.1233
16,0.13898365,-14.973849,0.035439197,0.042360973,0.2087912,255.45853
16,0.11056096,-18.408295,0.03707345,0.026790312,0.2197802,244.76988
16,0.0839356,-20.06372,0.026836608,0.060813967,0.23076925,234.93976
16,0.06301965,-21.224087,0.02740679,0.033330914,0.24175826,225.86871
16,0.07063621,-21.820599,0.040003344,0.03471384,0.25274727,217.4721
16,0.1416622,-13.508075,0.11547978,0.07513804,0.26373628,209.67741
16,0.2971491,-11.899226,0.3302521,0.16689968,0.2747253,202.42213
16,0.50870323,-7.9387465,0.12245405,0.29467574,0.2857143,195.65218
16,0.68195486,-3.5440626,0.56776047,0.102640465,0.2832298,197.14287
16,0.70648646,-2.0721369,0.7539465,0.2721698,0.28074536,198.65643
16,0.56267,-2.5349731,0.16248362,0.15177643,0.2782609,200.19342
16,0.36102825,-4.8055334,0.03716435,0.019138327,0.2757764,201.7544
16,0.24175121,-12.05676,0.047367886,0.009124875,0.27329195,203.33987
16,0.25278607,-11.309358,0.18527691,0.04622965,0.27080747,204.95049
16,0.33238107,-8.736255,0.24358091,0.14192075,0.26832297,206.58682
16,0.38702685,-8.028195,0.27073342,0.21430293,0.26583853,208.2495
16,0.3730534,-8.405393,0.10597128,0.1012678,0.26335403,209.93916
16,0.31076005,-9.9276285,0.078707345,0.042491835,0.26086956,211.65645
16,0.23975307,-11.325618,0.112978734,0.05130306,0.25838512,213.40205
16,0.18102601,-12.280257,0.17705974,0.036844004,0.25590062,215.17673
16,0.13704036,-13.461123,0.029138472,0.09940369,0.25341615,216.98112
16,0.10554467,-18.29639,0.027959986,0.01871189,0.2509317,218.81606
16,0.08582768,-20.50821,0.020863062,0.016650328,0.24844721,220.68231
16,0.078595825,-21.959232,0.022559782,0.026786769,0.24596275,222.58064
16,0.087104455,-18.594475,0.066403866,0.049527366,0.24347825,224.51195
16,0.12265254,-15.933209,0.16376647,0.1323897,0.2409938,226.47702
16,0.20330189,-15.081222,0.119040966,0.23899384,0.23850934,228.4768
16,0.3295203,-13.188861,0.06884136,0.16129553,0.23602484,230.51225
16,0.45376322,-5.9552755,0.3609566,0.067386456,0.23354039,232.58426
16,0.49804556,-5.189822,0.76875377,0.23723204,0.2310559,234.6939
16,0.42875278,-5.160985,0.09722589,0.33488458,0.22857143,236.8421
16,0.29994443,-9.182487,0.07271932,0.008911136,0.22105263,243.58974
16,0.21094082,-11.491405,0.06750518,0.012576324,0.21353382,250.73314
16,0.23477694,-12.4039755,0.10750682,0.03608104,0.20601505,258.30817
16,0.37310708,-9.560119,0.11444094,0.043850094,0.19849624,266.35513
16,0.55287236,-5.8522425,0.31246018,0.09069018,0.19097744,274.91962
16,0.6693766,-3.523324,0.5872793,0.24270609,0.18345866,284.05316
16,0.65988165,-3.4500647,0.40264437,0.24335025,0.17593986,293.81445
16,0.547612,-3.9887342,0.15010318,0.14044708,0.16842104,304.27048
16,0.40885833,-6.632781,0.18590882,0.02199106,0.16090228,315.49814
16,0.30609643,-8.865954,0.105384514,0.0431487,0.15338346,327.5862
16,0.2524025,-9.706187,0.07589138,0.028001377,0.14586465,340.63745
16,0.22021112,-11.431075,0.23840058,0.03081566,0.13834585,354.7718
16,0.17981422,-12.24182,0.04175691,0.13311842,0.13082707,370.12988
16,0.12944901,-16.168037,0.031012759,0.034351643,0.12330828,386.8778
16,0.09052724,-19.084534,0.021140246,0.0126210125,0.11578947,405.2133
16,0.08530656,-20.882439,0.0335537,0.037102133,0.10827068,425.37314
16,0.12100151,-15.773704,0.049305797,0.0518474,0.10075187,447.644
16,0.18832968,-12.896991,0.29766068,0.10808679,0.09323308,472.3757
16,0.27121076,-11.543277,0.17502898,0.35664052,0.08571428,500.0
16,0.35266533,-8.940619,0.085728556,0.14071615,0.12222222,389.42307
16,0.40808418,-8.352765,0.32431847,0.049331248,0.15873016,318.89764
16,0.41297263,-6.6713266,0.26468232,0.15359968,0.19523808,270.0
16,0.37324324,-6.893571,0.21654966,0.114311695,0.23174605,234.10403
16,0.33548713,-8.270976,0.09021214,0.06974452,0.26825398,206.63264
16,0.35017255,-10.357406,0.08269545,0.024277044,0.30476192,184.9315
16,0.41758242,-6.432866,0.17615989,0.029104913,0.34126985,167.35538
16,0.48018074,-5.4884043,0.69525826,0.13645011,0.37777779,152.8302
16,0.4823654,-5.223975,0.15238348,0.27251115,0.41428572,140.625
16,0.4224947,-6.946744,0.10661851,0.039943274,0.42232144,138.19577
16,0.33505297,-8.810115,0.17088065,0.044558678,0.43035716,135.84906
16,0.25240454,-10.019885,0.071015336,0.061306823,0.43839285,133.5807
16,0.19229008,-12.005679,0.045414064,0.024334,0.4464286,131.38686
16,0.1579163,-15.23389,0.05673102,0.026451409,0.4544643,129.26392
16,0.14209965,-15.586778,0.10639764,0.05804488,0.4625,127.20848
16,0.13754779,-15.991248,0.051834073,0.08549562,0.47053573,125.21739
16,0.14385846,-16.546371,0.050074276,0.053179264,0.47857144,123.28767
16,0.16276151,-15.293624,0.05891865,0.08624138,0.48660716,121.41653
16,0.18894722,-14.297524,0.2065201,0.079517,0.49464285,119.601326
16,0.20857096,-13.639796,0.061848573,0.21055917,0.5026786,117.83961
16,0.20808724,-13.969193,0.076098725,0.05349647,0.5107143,116.129036
16,0.184807,-13.8804655,0.05637505,0.05735569,0.51874995,114.467415
16,0.15145804,-15.16945,0.06149168,0.05125821,0.52678573,112.85266
16,0.13029864,-16.795074,0.023357468,0.04921136,0.53482145,111.28284
16,0.13710397,-17.7267,0.036782213,0.02472447,0.5428571,109.756096
16,0.16756342,-15.75903,0.11787707,0.06985236,0.55089283,108.270676
16,0.20189992,-13.862678,0.16040727,0.18702987,0.55892855,106.82493
16,0.22438201,-12.91376,0.12763532,0.1703466,0.56696427,105.417274
16,0.23477148,-12.774795,0.08066302,0.116554946,0.575,104.04624
16,0.23960358,-13.251918,0.10407286,0.0504913,0.58303565,102.71042
16,0.23936145,-11.691457,0.16131213,0.06194803,0.59107137,101.408455
16,0.23066123,-11.879495,0.17861618,0.118716285,0.59910715,100.13908
16,0.21517104,-12.576219,0.03015268,0.10846486,0.60714287,98.90109
16,0.19528098,-13.964349,0.053815603,0.0074906303,0.6151786,97.69335
16,0.16666318,-14.6441145,0.19594972,0.04461982,0.62321424,96.51475
16,0.12917212,-14.897492,0.03257988,0.19627494,0.63124996,95.36424
16,0.100881316,-17.588833,0.03117903,0.014062124,0.6392857,94.24084
16,0.11099279,-19.252853,0.054777116,0.03348312,0.6473214,93.1436
16,0.17500518,-16.094524,0.05645927,0.089502245,0.65535706,92.07162
16,0.27177757,-12.578267,0.22845791,0.08150594,0.66339284,91.02402
16,0.34889868,-8.653707,0.3334988,0.28766453,0.67142856,90.0
16,0.3620317,-8.1692915,0.30245146,0.19891685,0.6611428,91.31494
16,0.31330082,-8.710454,0.082485676,0.11254247,0.6508571,92.66886
16,0.24986471,-10.883838,0.07376121,0.026679227,0.6405714,94.063545
16,0.2312393,-11.527114,0.12533687,0.03146477,0.63028574,95.50085
16,0.29620224,-10.467605,0.12968627,0.06565918,0.61999995,96.982765
16,0.43695635,-8.163644,0.24140969,0.07674908,0.60971427,98.51138
16,0.5918225,-4.5029097,0.35471952,0.21480535,0.59942853,100.08897
16,0.678131,-3.6507273,0.52965975,0.15353642,0.5891428,101.71791
16,0.6527255,-3.2170057,0.2507354,0.1696487,0.5788571,103.400734
16,0.54136056,-4.8417044,0.24603966,0.09345504,0.5685714,105.14018
16,0.40531704,-6.408532,0.09812235,0.06890669,0.5582857,106.93916
16,0.29116976,-9.018777,0.10606592,0.012692464,0.548,108.80078
16,0.21227351,-11.311282,0.04422626,0.024598742,0.53771424,110.72835
16,0.16146849,-13.78774,0.035566,0.021169284,0.52742857,112.72545
16,0.12782651,-16.744526,0.04172269,0.045273066,0.5171429,114.79591
16,0.10615222,-18.187782,0.029443756,0.04478164,0.50685716,116.94387
16,0.09979493,-19.368618,0.03602101,0.042817175,0.49657142,119.17373
16,0.11670623,-18.421837,0.06240692,0.0540673,0.48628572,121.49029
16,0.1617849,-15.786174,0.10005137,0.13095206,0.476,123.89868
16,0.23077823,-12.908168,0.16639552,0.13839503,0.46571428,126.404495
16,0.30889446,-10.245427,0.20211214,0.2240194,0.45542857,129.01376
16,0.37501594,-9.593766,0.26220527,0.13914491,0.44514287,131.73302
16,0.40838277,-6.775882,0.101796515,0.12050904,0.43485716,134.56938
16,0.39590862,-6.9957,0.39482963,0.059619114,0.42457142,137.53056
16,0.34686774,-7.187211,0.10486541,0.14096336,0.41428572,140.625
16,0.30034378,-9.260154,0.076109506,0.052618355,0.404,143.8619
16,0.29547974,-10.172317,0.0912728,0.035591528,0.3937143,147.2513
16,0.33197764,-9.886352,0.24255928,0.037245326,0.38342857,150.80429
16,0.3692644,-8.460601,0.23068012,0.16709094,0.37314284,154.53297
16,0.36633623,-8.455762,0.17344402,0.1291152,0.36285716,158.4507
16,0.31656897,-9.246623,0.097239986,0.07608691,0.35257143,162.57227
16,0.24546841,-11.398845,0.0738367,0.039669838,0.34228572,166.91394
16,0.18388724,-13.487216,0.054497458,0.03946028,0.332,171.49391
16,0.14462961,-15.204783,0.07088335,0.05110552,0.3217143,176.33229
16,0.119670935,-16.883034,0.08690295,0.09180091,0.31142858,181.45161
16,0.0973262,-17.628803,0.018910972,0.060255583,0.30114287,186.87708
16,0.07833636,-21.069366,0.024841784,0.010990485,0.29085714,192.637
16,0.07632863,-20.596642,0.027406026,0.052137624,0.28057146,198.76324
16,0.10758822,-18.345116,0.12095684,0.081626,0.27028573,205.29198
16,0.17970456,-15.263103,0.11075807,0.21496801,0.26,212.26416
16,0.28285453,-10.9954405,0.1369582,0.18160722,0.2497143,219.72656
16,0.38444972,-9.6525755,0.34893265,0.12751427,0.23942856,227.7328
16,0.4374617,-6.749385,0.14524652,0.1971278,0.22914287,236.34453
16,0.4089549,-6.1316996,0.3894263,0.102454126,0.21885714,245.63318
16,0.3170922,-6.9949636,0.118851185,0.12944695,0.20857142,255.68182
16,0.23916996,-8.786565,0.03188407,0.037697457,0.19828571,266.58768
16,0.2517118,-14.241134,0.0548991,0.025034936,0.188,278.46536
16,0.35438097,-8.425893,0.16952717,0.045142617,0.17771429,291.45078
16,0.46495876,-6.084525,0.69530517,0.13974652,0.16742857,305.7065
16,0.4992638,-5.464242,0.23992454,0.3467667,0.15714286,321.42856
16,0.44745398,-6.037986,0.09624807,0.08191483,0.18979593,276.3158
16,0.36200857,-8.954749,0.19114394,0.053929448,0.22244897,242.3077
16,0.294586,-9.127915,0.07129236,0.06829365,0.25510207,215.75342
16,0.25495833,-10.254861,0.20028341,0.026604125,0.2877551,194.44444
16,0.22109611,-10.920672,0.09684577,0.109985515,0.32040817,176.9663
16,0.17739348,-11.992091,0.03423783,0.036155023,0.35306126,162.37112
16,0.12943335,-16.535053,0.02565626,0.017649127,0.3857143,150.0
16,0.091246285,-19.574364,0.030044202,0.028413942,0.41836736,139.38054
16,0.075315095,-19.95137,0.039865583,0.059115466,0.45102042,130.1653
16,0.09560791,-17.87513,0.08382475,0.094273046,0.48367348,122.09302
16,0.16839975,-16.44114,0.124190606,0.11675795,0.51632655,114.9635
16,0.29458895,-11.190906,0.07742187,0.13695052,0.5489796,108.62068
16,0.43610004,-6.2907248,0.44651678,0.11343253,0.5816326,102.94118
16,0.5277726,-4.9894285,0.53310895,0.26912677,0.6142857,97.82609
16,0.53419244,-4.4731226,0.18837866,0.16424784,0.6043478,99.32822
16,0.48009056,-6.0282946,0.14614962,0.035094436,0.5944099,100.8772
16,0.41397646,-7.5596533,0.19407779,0.050735187,0.58447206,102.47524
16,0.36616692,-7.725192,0.18647414,0.06919107,0.5745342,104.12475
16,0.34255904,-8.214894,0.13710713,0.08986421,0.56459624,105.828224
16,0.33558846,-9.297339,0.14057949,0.05056614,0.55465835,107.58836
16,0.33249268,-9.684268,0.1375265,0.08122864,0.54472053,109.40803
16,0.31807783,-9.528886,0.09231005,0.062959194,0.53478265,111.29032
16,0.27979964,-10.139802,0.15727013,0.049485117,0.5248447,113.23851
16,0.21900019,-11.242236,0.060446784,0.062439427,0.5149068,115.25613
16,0.15478192,-13.505727,0.029001504,0.026281675,0.50496894,117.34695
16,0.108150035,-17.946949,0.039691932,0.030959526,0.4950311,119.51501
16,0.085953645,-19.839684,0.030035539,0.030647097,0.48509318,121.7647
16,0.082100585,-19.908432,0.04736667,0.03224248,0.47515526,124.10072
16,0.08953086,-20.233307,0.05713269,0.10457507,0.4652174,126.528114
16,0.10783864,-18.805977,0.044243857,0.08268185,0.4552795,129.05237
16,0.13827413,-18.658722,0.08601428,0.07122324,0.44534162,131.67938
16,0.17331813,-15.873883,0.03823863,0.11974993,0.43540373,134.41559
16,0.19381481,-13.7312155,0.17342111,0.060768757,0.42546585,137.2679
16,0.18335937,-13.474351,0.18203491,0.19407776,0.41552794,140.24391
16,0.14877588,-14.216786,0.025028545,0.15499668,0.4055901,143.35179
16,0.116439745,-18.552807,0.016906759,0.018407952,0.39565217,146.60057
16,0.106516965,-18.04803,0.050236326,0.022688491,0.3857143,150.0
16,0.11866636,-17.357529,0.14460678,0.11116259,0.3757764,153.56084
16,0.14108448,-16.706875,0.061816275,0.20662726,0.36583853,157.29483
16,0.16307238,-16.071716,0.060656395,0.06440723,0.35590062,161.21495
16,0.17566215,-16.315708,0.100543246,0.08957315,0.34596276,165.33546
16,0.17035234,-14.980044,0.072598256,0.08406547,0.33602485,169.67213
16,0.1445211,-15.387994,0.10992603,0.05911743,0.32608697,174.24242
16,0.10723642,-16.863667,0.022960242,0.10233632,0.31614906,179.06575
16,0.07571939,-20.5934,0.013949333,0.029385775,0.3062112,184.1637
16,0.06280248,-23.195412,0.019351278,0.025918104,0.2962733,189.56044
16,0.06843285,-22.693699,0.035533734,0.046912257,0.2863354,195.283
16,0.08283962,-21.453957,0.05314025,0.10031882,0.27639753,201.36188
16,0.096701026,-20.115524,0.049768332,0.115638845,0.26645964,207.83131
16,0.108686715,-19.237751,0.046781518,0.10967661,0.25652173,214.73029
16,0.12401515,-18.235996,0.054860745,0.06664454,0.24658388,222.103
16,0.14625943,-17.801262,0.06310516,0.08826559,0.23664597,230.0
16,0.16947587,-17.113544,0.051256724,0.099346854,0.2267081,238.47925
16,0.17857054,-13.638106,0.1771164,0.054171517,0.21677019,247.60765
16,0.16475174,-13.564483,0.22236772,0.17762055,0.20683229,257.46268
16,0.14572269,-13.630334,0.024104051,0.15886822,0.19689442,268.1347
16,0.15769753,-17.55909,0.03850344,0.032921806,0.18695651,279.72974
16,0.2199029,-13.529733,0.11410983,0.04223618,0.17701864,292.3729
16,0.31183937,-10.749927,0.29352793,0.1742406,0.16708075,306.213
16,0.38762257,-7.9970827,0.20383766,0.25017852,0.15714286,321.42856
16,0.41088626,-7.391015,0.25593805,0.11386865,0.1622449,313.43283
16,0.37744612,-8.068307,0.1422239,0.08540218,0.16734695,305.82526
16,0.31222618,-9.124232,0.08331779,0.051576298,0.172449,298.5782
16,0.24503365,-11.309337,0.13207173,0.06813406,0.17755103,291.66666
16,0.19152537,-12.754676,0.07857148,0.07272468,0.18265307,285.06787
16,0.1541278,-14.397346,0.046088472,0.038466897,0.18775511,278.76108
16,0.13083766,-16.514416,0.033878848,0.019275568,0.19285715,272.72726
16,0.12115214,-17.69619,0.033774175,0.040264186,0.19795918,266.94916
16,0.12610608,-17.40635,0.07033733,0.031938948,0.20306124,261.4108
16,0.14565018,-15.9463,0.1158957,0.10332445,0.20816328,256.09756
16,0.1797241,-15.292174,0.098940864,0.13561684,0.21326531,250.99602
16,0.22649409,-13.729602,0.051438767,0.08974383,0.21836735,246.09375
16,0.27357352,-11.325889,0.23517574,0.068542436,0.22346939,241.37932
16,0.3001545,-10.448184,0.2461324,0.25902638,0.22857143,236.8421
16,0.29689193,-9.503358,0.09329534,0.16278666,0.2300752,235.53719
16,0.27512807,-11.146029,0.13874172,0.034246873,0.23157896,234.24658
16,0.25549066,-11.140386,0.06243787,0.0915132,0.23308271,232.97003
16,0.253334,-11.314956,0.08834433,0.045795035,0.23458648,231.7073
16,0.27434343,-10.4499235,0.150158,0.038455594,0.23609024,230.45822
16,0.32017368,-10.005139,0.18503293,0.120909825,0.23759401,229.22252
16,0.3865557,-9.480132,0.16793856,0.12175936,0.23909776,227.99998
16,0.44837993,-6.375592,0.16664608,0.12082922,0.24060152,226.79044
16,0.46371964,-5.797591,0.6063389,0.0872099,0.24210529,225.59366
16,0.41489998,-5.9478426,0.13065815,0.22656918,0.24360904,224.40944
16,0.33225244,-8.139489,0.05641754,0.046826456,0.24511278,223.23761
16,0.25815505,-11.306649,0.098520316,0.007737153,0.24661654,222.07793
16,0.20616722,-11.626332,0.0770608,0.051203925,0.2481203,220.93024
16,0.16533594,-13.101159,0.16447745,0.06959069,0.24962406,219.79436
16,0.13359927,-13.951339,0.029691122,0.12550916,0.2511278,218.67007
16,0.13301761,-17.734955,0.025571056,0.021123033,0.25263157,217.55725
16,0.18764307,-15.178237,0.07023877,0.023008658,0.25413534,216.4557
16,0.29310074,-11.467776,0.24202035,0.13972543,0.2556391,215.36523
16,0.4095431,-9.089549,0.27619663,0.27089015,0.25714287,214.28572
16,0.48167118,-6.379241,0.21619046,0.18449628,0.27142856,204.54546
16,0.4712063,-6.00908,0.40289193,0.07894543,0.2857143,195.65218
16,0.3886673,-6.5489244,0.12343982,0.13624544,0.3,187.5
16,0.29704615,-9.02962,0.06814329,0.051489737,0.31428573,180.0
16,0.27041462,-11.254216,0.0930861,0.026006931,0.32857144,173.07692
16,0.33832252,-9.781272,0.14624017,0.05570104,0.34285715,166.66666
16,0.463637,-7.583205,0.3400745,0.07278391,0.35714287,160.71428
16,0.57121634,-6.0205984,0.32876906,0.23634197,0.37142858,155.17242
16,0.5998737,-4.0583696,0.29148754,0.15480436,0.3857143,150.0
16,0.54213756,-4.48565,0.43158677,0.09788136,0.4,145.16129
16,0.44943368,-5.3052225,0.079685934,0.09527509,0.41428572,140.625
16,0.3833458,-8.167211,0.12634532,0.037651367,0.42857143,136.36363
16,0.35602158,-8.2983465,0.29784894,0.047888745,0.44285718,132.35294
16,0.3313744,-7.6605043,0.20071858,0.1067364,0.45714286,128.57143
16,0.2766854,-8.3083105,0.11315469,0.051886834,0.47142857,125.0
16,0.19919594,-11.127833,0.0347303,0.049883895,0.4857143,121.62162
16,0.13814606,-15.477593,0.052036215,0.034441147,0.5,118.42105
16,0.13557783,-16.823368,0.05859979,0.054888997,0.5142857,115.38462
16,0.21160606,-12.106,0.10524725,0.0600326,0.5285715,112.49999
16,0.3492208,-10.268531,0.3382302,0.11823427,0.5428571,109.756096
16,0.4944134,-8.439935,0.17749228,0.2594448,0.55714285,107.14286
16,0.5763987,-4.0053473,0.3446626,0.10164844,0.5448979,109.37501
16,0.5534495,-3.8278399,0.58092195,0.1619039,0.5326531,111.702126
16,0.46463454,-4.130883,0.09582995,0.16617104,0.52040815,114.13044
16,0.40799752,-8.212546,0.068156525,0.036383495,0.5081633,116.66666
16,0.44535863,-7.691785,0.21806595,0.016258072,0.4959184,119.318184
16,0.5476101,-4.839118,0.4398161,0.08911981,0.48367348,122.09302
16,0.6356036,-3.5783281,0.46431926,0.20663862,0.47142857,125.0
16,0.655891,-3.6337824,0.24599856,0.11281085,0.45918366,128.04878
16,0.608844,-4.421508,0.14481884,0.09453047,0.44693878,131.25
16,0.5211166,-5.0207415,0.2736836,0.030441975,0.4346939,134.61539
16,0.41731513,-6.088092,0.24380508,0.06706723,0.42244896,138.1579
16,0.31969133,-7.4469576,0.0807215,0.091421306,0.41020408,141.89189
16,0.24631886,-11.172973,0.06843109,0.015523027,0.3979592,145.83333
16,0.1997952,-13.07256,0.050885186,0.022802532,0.3857143,150.0
16,0.16733247,-14.101584,0.074111715,0.0393072,0.3734694,154.41176
16,0.13986805,-15.060172,0.08373309,0.049632426,0.36122447,159.09091
16,0.13185273,-15.3771715,0.052136008,0.067765705,0.3489796,164.0625
16,0.17285638,-15.545669,0.08568007,0.06519799,0.3367347,169.35484
16,0.27367064,-12.070586,0.1565073,0.086783014,0.3244898,175.0
16,0.39963382,-8.316951,0.2856085,0.15496781,0.3122449,181.03448
16,0.48354387,-6.183055,0.3816557,0.21275634,0.3,187.5
16,0.47918695,-5.3981676,0.26612923,0.177123,0.2877551,194.44444
16,0.40652367,-6.0601397,0.15239337,0.084546156,0.27551022,201.92307
16,0.33302933,-9.122169,0.05623463,0.04306182,0.26326534,209.99998
16,0.31097317,-10.091308,0.13175602,0.023587635,0.2510204,218.75002
16,0.3408255,-8.963462,0.2154562,0.071060725,0.23877552,228.26088
16,0.38853025,-8.310275,0.23813947,0.11353796,0.22653063,238.63637
16,0.42130002,-7.902976,0.14623961,0.12707534,0.2142857,250.0
16,0.42193216,-7.8761854,0.16458865,0.059854753,0.2020408,262.5
16,0.38586062,-7.7417555,0.1855521,0.06027091,0.18979593,276.3158
16,0.32305524,-8.726466,0.1337941,0.08646765,0.17755103,291.66666
16,0.25885004,-9.930182,0.04158556,0.041449748,0.16530614,308.82352
16,0.21449411,-12.095994,0.06626834,0.025906347,0.15306121,328.125
16,0.18623516,-13.381761,0.24449386,0.06737417,0.14081633,350.0
16,0.15497056,-13.647933,0.047975965,0.16006362,0.12857142,375.0
16,0.11466182,-16.479996,0.02697615,0.02416452,0.11632653,403.84613
16,0.08621624,-18.001427,0.03509597,0.044494543,0.10408163,437.50003
16,0.10675594,-18.522236,0.060788088,0.039606582,0.091836736,477.27274
16,0.20020565,-15.107619,0.07622379,0.12474263,0.07959184,525.0
16,0.34420383,-8.977893,0.2495186,0.08766499,0.06734694,583.3333
16,0.46618202,-7.5969877,0.5341017,0.25741675,0.05510204,656.25
16,0.49287644,-5.311206,0.23702702,0.2902498,0.04285714,750.0
16,0.4177805,-6.2543783,0.37284166,0.08654299,0.059523813,627.907
16,0.32299736,-7.0930357,0.07208339,0.08937651,0.07619048,540.0
16,0.3233618,-9.77333,0.051150784,0.014704683,0.092857145,473.6842
16,0.46534884,-8.418073,0.15940496,0.012864982,0.10952381,421.875
16,0.6714163,-3.800578,0.5228214,0.12762512,0.12619047,380.2817
16,0.7936376,-1.8322868,0.6651891,0.30438152,0.14285713,346.15384
16,0.7430067,-1.6934977,0.3638089,0.16093041,0.15274727,328.65167
16,0.56399214,-3.311347,0.10357895,0.06254807,0.16263737,312.83423
16,0.37115505,-7.5303373,0.1282299,0.018619662,0.17252748,298.4694
16,0.2426242,-9.930238,0.13224578,0.055793762,0.18241757,285.36584
16,0.18474647,-11.070632,0.03527457,0.06951277,0.19230768,273.3645
16,0.16126803,-14.534186,0.043273482,0.021235196,0.20219782,262.33185
16,0.13579641,-16.263794,0.035685677,0.02361379,0.21208791,252.15518
16,0.09894948,-18.063961,0.030284345,0.047763254,0.22197802,242.73859
16,0.07052328,-20.6941,0.0248466,0.04334831,0.23186816,233.99998
16,0.081486076,-21.457546,0.025153266,0.032788362,0.24175826,225.86871
16,0.14880049,-17.465336,0.07670845,0.07696052,0.25164837,218.28358
16,0.2576092,-13.232375,0.19672522,0.16510026,0.26153848,211.19135
16,0.36444536,-9.291633,0.29620984,0.30083632,0.27142856,204.54546
16,0.4239956,-7.812831,0.36160648,0.29935905,0.2818182,198.0
16,0.4221207,-6.6316996,0.12795573,0.13721524,0.2922078,191.86046
16,0.38685405,-7.7495775,0.19678392,0.05643707,0.3025974,186.09023
16,0.36935937,-8.187421,0.098039016,0.06836519,0.31298703,180.65692
16,0.4051149,-8.4077635,0.2114242,0.045485444,0.32337663,175.53192
16,0.47927696,-6.7699537,0.20352012,0.08272872,0.33376622,170.68965
16,0.5358519,-5.3504477,0.34157228,0.080589995,0.34415588,166.10738
16,0.5271412,-5.295665,0.30833045,0.1205317,0.35454547,161.76471
16,0.45176518,-6.104621,0.16064335,0.08874386,0.36493507,157.64331
16,0.34556043,-8.507876,0.14028147,0.071030624,0.37532467,153.72672
16,0.24787141,-9.905265,0.057760622,0.059912145,0.3857143,150.0
16,0.17878762,-13.063413,0.060081705,0.026462989,0.3961039,146.4497
16,0.13681684,-15.140567,0.04081627,0.042698894,0.4064935,143.06358
16,0.10891328,-17.942543,0.033627428,0.03972371,0.41688314,139.8305
16,0.082871914,-20.168304,0.017770514,0.0136478245,0.42727274,136.74033
16,0.057904106,-22.148586,0.025598707,0.028806148,0.43766233,133.78378
16,0.049922407,-22.215446,0.023329828,0.0804576,0.44805196,130.95238
16,0.08465098,-21.663921,0.04329735,0.05450711,0.45844156,128.23834
16,0.17445906,-20.371803,0.052309174,0.09158815,0.46883118,125.63452
16,0.29252538,-7.7834997,0.17102349,0.11117065,0.4792208,123.13432
16,0.37726048,-7.065627,0.6897916,0.2294063,0.4896104,120.731705
16,0.3823334,-6.3429747,0.08885635,0.35674727,0.5,118.42105
16,0.31788236,-9.787395,0.10109838,0.07399758,0.4894737,120.76271
16,0.23362702,-11.155215,0.042554528,0.02483795,0.47894737,123.198845
16,0.17600487,-13.8473425,0.05469182,0.042902444,0.46842104,125.7353
16,0.16241398,-14.738229,0.07727198,0.052516114,0.45789474,128.37837
16,0.18166764,-14.368934,0.08804422,0.08247836,0.4473684,131.13498
16,0.20916723,-14.00183,0.15403602,0.100802034,0.4368421,134.01254
16,0.22343415,-13.43345,0.06893462,0.1335211,0.42631578,137.01923
16,0.21441151,-13.669358,0.11062813,0.043678712,0.41578948,140.16393
16,0.18396378,-14.049483,0.063452706,0.08312206,0.40526316,143.45638
16,0.14352155,-15.446818,0.038358014,0.051889844,0.39473683,146.90723
16,0.10743245,-18.036823,0.025570149,0.055680748,0.38421053,150.52817
16,0.0837651,-20.392555,0.023955893,0.03045587,0.3736842,154.33214
16,0.07126213,-21.598557,0.054527316,0.030898865,0.3631579,158.33333
16,0.0657536,-22.110283,0.03370898,0.10344563,0.35263157,162.54753
16,0.06794621,-22.50698,0.020718398,0.053986616,0.3421053,166.99219
16,0.082430445,-22.073929,0.03710854,0.036241524,0.33157897,171.68675
16,0.10934604,-20.771194,0.057489846,0.121576756,0.32105264,176.6529
16,0.13849986,-18.51933,0.04720361,0.12296149,0.31052634,181.91489
16,0.15303048,-16.64175,0.058545385,0.07484031,0.3,187.5
16,0.14295757,-16.064178,0.09083956,0.09007924,0.2894737,193.4389
16,0.11865638,-16.752556,0.058142934,0.11072734,0.27894738,199.76636
16,0.10783011,-18.883629,0.020133017,0.047029015,0.26842108,206.52173
16,0.13366367,-17.15128,0.039036896,0.04830066,0.25789475,213.75
16,0.19421592,-15.308522,0.13523437,0.07475432,0.24736843,221.5026
16,0.2634014,-12.227965,0.15083303,0.19422525,0.23684213,229.8387
16,0.30920485,-10.735061,0.18141025,0.17530468,0.2263158,238.82683
16,0.31323048,-10.279592,0.16074066,0.14682028,0.21578947,248.54651
16,0.2814393,-10.699313,0.09214744,0.09386604,0.20526317,259.0909
16,0.23578571,-11.893455,0.08069005,0.05820904,0.19473684,270.5696
16,0.19457643,-13.245757,0.09322733,0.023135474,0.18421054,283.11258
16,0.16107519,-14.617877,0.05550311,0.06642488,0.17368421,296.875
16,0.12833682,-16.536701,0.04837624,0.06142009,0.16315788,312.0438
16,0.09303393,-18.32404,0.024521725,0.048280746,0.15263158,328.84616
16,0.0658304,-20.511967,0.023920048,0.03714571,0.14210525,347.56097
16,0.068438716,-22.4981,0.024203088,0.024005964,0.13157895,368.5345
16,0.11631087,-19.16003,0.034766916,0.06961523,0.12105264,392.20184
16,0.20054191,-12.904357,0.19693616,0.07575193,0.11052632,419.11765
16,0.28950247,-11.474845,0.3160152,0.27403033,0.10000001,449.99997
16,0.35088152,-9.282819,0.09172708,0.29948324,0.14142857,348.8372
16,0.36650288,-9.609614,0.23238887,0.07339115,0.18285714,284.81012
16,0.331664,-9.299003,0.1330651,0.14801328,0.2242857,240.64171
16,0.2567698,-10.558288,0.14566997,0.050891344,0.2657143,208.33334
16,0.17292489,-12.152909,0.06288986,0.058617212,0.30714285,183.67348
16,0.12805663,-15.200578,0.028412001,0.033293217,0.34857142,164.23358
16,0.1637846,-15.744044,0.046690207,0.02917784,0.39000002,148.51485
16,0.28401473,-13.01047,0.16078584,0.051533297,0.43142858,135.54216
16,0.43933007,-7.17974,0.32980075,0.17135055,0.47285718,124.65374
16,0.54927903,-5.132064,0.72317827,0.3347485,0.5142857,115.38462
16,0.5592953,-4.604491,0.26675218,0.23185788,0.50476193,117.3913
16,0.48065603,-5.8783884,0.11447911,0.06477586,0.49523813,119.469025
16,0.3674657,-7.800761,0.13421121,0.041769996,0.4857143,121.62162
16,0.26575246,-9.991437,0.1441693,0.028921373,0.47619048,123.85321
16,0.1927641,-11.556323,0.038899664,0.04264301,0.4666667,126.16822
16,0.14659412,-14.765861,0.03922353,0.018888012,0.45714286,128.57143
16,0.121141545,-16.459522,0.043843128,0.01874791,0.44761905,131.06796
16,0.11682605,-17.529133,0.0408759,0.06378587,0.43809524,133.66336
16,0.14090063,-17.578854,0.061485488,0.05308484,0.42857143,136.36363
16,0.19649035,-14.7317915,0.09533372,0.07317835,0.41904762,139.17526
16,0.2704039,-12.305068,0.22337237,0.12781252,0.40952381,142.10526
16,0.33404613,-9.45717,0.19873682,0.22755426,0.4,145.16129
16,0.36082438,-9.213048,0.28688872,0.16824174,0.3904762,148.35164
16,0.34620067,-8.473876,0.092556596,0.11955779,0.3809524,151.6854
16,0.3086909,-9.825423,0.16337013,0.018436633,0.37142858,155.17242
16,0.27252036,-10.426763,0.08263731,0.07632134,0.36190477,158.82353
16,0.25049406,-12.02267,0.1083074,0.051268,0.35238096,162.6506
16,0.23828614,-12.161361,0.111411825,0.057276573,0.34285715,166.66666
16,0.22436404,-12.187089,0.106545076,0.062290113,0.33333334,170.88608
16,0.20440236,-12.9178,0.10192051,0.07552458,0.32380953,175.32468
16,0.18351303,-14.698398,0.04227508,0.074503236,0.31428573,180.0
16,0.16426028,-14.20144,0.07528907,0.020342153,0.30476192,184.9315
16,0.14039634,-14.821225,0.19821623,0.055964015,0.29523808,190.14085
16,0.10933137,-15.27218,0.015315624,0.16122794,0.2857143,195.65218
16,0.0816702,-20.680084,0.018555386,0.007373711,0.2761905,201.49254
16,0.071471065,-23.192657,0.024192,0.03097735,0.26666668,207.69229
16,0.0825778,-21.775146,0.027375072,0.06315927,0.25714287,214.28572
16,0.10627632,-18.441856,0.087826334,0.06876597,0.24761905,221.31148
16,0.13163455,-17.464207,0.10431945,0.18801226,0.23809525,228.81355
16,0.15604132,-16.180622,0.059379462,0.14261624,0.22857143,236.8421
16,0.18038149,-16.206154,0.092896245,0.07641408,0.2190476,245.45454
16,0.19555984,-15.986871,0.0834075,0.11657663,0.20952383,254.71698
16,0.18344527,-14.414903,0.106726,0.08593136,0.2,264.70587
16,0.1408383,-14.147986,0.12763545,0.0780514,0.19047618,275.51022
16,0.108093366,-14.275704,0.036596276,0.10013521,0.18095239,287.23404
16,0.16252504,-15.370217,0.04462196,0.019237446,0.17142856,300.0
16,0.35813886,-11.708331,0.10517661,0.05377965,0.16190478,313.9535
16,0.6545098,-4.0499773,0.38177,0.1480309,0.15238096,329.2683
16,0.9141538,-1.4323006,1.0,0.33060202,0.14285713,346.15384
16,1.0,0.0,0.5355598,0.36293036,0.15164836,330.50848
16,0.8846458,-0.4896469,0.35882676,0.08673047,0.16043955,316.21622
16,0.65936196,-2.345889,0.16916706,0.054918036,0.16923079,303.1088
16,0.4456087,-4.36703,0.10775837,0.034222946,0.17802198,291.0448
16,0.30362597,-8.048556,0.27542597,0.031269934,0.18681318,279.9043
16,0.22385685,-8.907237,0.050820686,0.11247611,0.1956044,269.58527
16,0.17299002,-13.375419,0.033228494,0.009466442,0.20439559,260.0
16,0.12654498,-16.95615,0.027554754,0.025643142,0.21318683,251.07295
16,0.08002906,-19.292995,0.026072726,0.028858015,0.22197802,242.73859
16,0.053116478,-21.013512,0.030487863,0.035125263,0.23076925,234.93976
16,0.085517645,-17.666534,0.035672225,0.031544004,0.23956044,227.62646
16,0.21295822,-15.743175,0.19627956,0.074146226,0.24835168,220.7547
16,0.4275859,-7.87873,0.13836071,0.29175824,0.25714287,214.28572
16,0.65479696,-4.748597,0.7310858,0.1478399,0.26190478,210.9375
16,0.78855526,-1.9954214,0.4828347,0.41205326,0.26666668,207.69229
16,0.77482414,-1.6481981,0.4714093,0.13145417,0.27142856,204.54546
16,0.661139,-1.881525,0.16717957,0.111744836,0.2761905,201.49254
16,0.5619932,-4.1353025,0.38142055,0.026219841,0.2809524,198.52942
16,0.57137465,-4.601262,0.09237914,0.051986307,0.2857143,195.65218
16,0.6884396,-3.086605,0.34371594,0.043545604,0.2904762,192.85713
16,0.817937,-1.8495007,0.8134679,0.12116545,0.29523808,190.14085
16,0.8565502,-1.2878027,0.34496745,0.21088377,0.3,187.5
16,0.7718027,-2.0089407,0.25345692,0.06313967,0.30476192,184.9315
16,0.6021385,-3.4031267,0.28310558,0.043526933,0.30952382,182.43243
16,0.41597256,-5.198138,0.124371596,0.03781315,0.31428573,180.0
16,0.27019274,-8.50911,0.059486933,0.015276173,0.3190476,177.63159
16,0.18264441,-12.198905,0.050900344,0.009781796,0.32380953,175.32468
16,0.13386534,-15.35344,0.0350666,0.039284766,0.32857144,173.07692
16,0.09496308,-17.50626,0.028367894,0.028866002,0.33333334,170.88608
16,0.05974292,-19.313118,0.046102855,0.01220392,0.33809525,168.75
16,0.056676574,-20.899925,0.019512072,0.07850539,0.34285715,166.66666
16,0.12389176,-22.73138,0.02081426,0.04014978,0.34761906,164.63416
16,0.259513,-16.16177,0.09898864,0.054298513,0.35238096,162.6506
16,0.3974789,-6.2962847,0.51822907,0.2807812,0.35714287,160.71428
16,0.45372355,-5.723096,0.6130186,0.43742022,0.35000002,163.63635
16,0.40726954,-5.6311026,0.052341834,0.20250893,0.34285715,166.66666
16,0.313832,-10.035108,0.07665674,0.022242328,0.33571428,169.81133
16,0.24239935,-11.464488,0.13869153,0.04548484,0.32857144,173.07692
16,0.22180462,-12.080937,0.081343696,0.08743961,0.3214286,176.47058
16,0.23574789,-12.129262,0.12068395,0.062699065,0.31428573,180.0
16,0.24949576,-12.07701,0.14654978,0.08475382,0.30714285,183.67348
16,0.23990224,-11.796884,0.07921162,0.08697126,0.3,187.5
16,0.20635644,-13.589498,0.06657901,0.04318527,0.29285714,191.48936
16,0.16322924,-14.131259,0.055610187,0.03334895,0.2857143,195.65218
16,0.12609623,-16.732235,0.08778447,0.048833173,0.27857146,199.99998
16,0.10346274,-17.95916,0.027342895,0.07307181,0.27142856,204.54546
16,0.09590372,-19.700851,0.02975065,0.025354385,0.2642857,209.30232
16,0.09877414,-20.339634,0.049166713,0.053050276,0.25714287,214.28572
16,0.10798505,-17.574226,0.045496844,0.09444213,0.25000003,219.51219
16,0.12531331,-17.6526,0.101557,0.075027116,0.24285717,224.99998
16,0.15731525,-16.05038,0.039229844,0.132142,0.23571429,230.76924
16,0.20433132,-14.262612,0.17677276,0.08567191,0.22857143,236.8421
16,0.25109127,-12.485488,0.15078911,0.23068905,0.22142859,243.24324
16,0.27347812,-11.694396,0.11778171,0.12509206,0.2142857,250.0
16,0.25400364,-11.929597,0.12663579,0.090730995,0.20714284,257.14285
16,0.19746241,-12.607604,0.088135734,0.09572559,0.2,264.70587
16,0.13940933,-14.1981,0.050328285,0.048793413,0.19285715,272.72726
16,0.13603714,-14.286834,0.04663299,0.0299119,0.1857143,281.25
16,0.23173717,-14.202746,0.18069725,0.031149931,0.17857142,290.32257
16,0.41860425,-9.630191,0.118192576,0.15012944,0.17142856,300.0
16,0.6195775,-3.7408762,0.61913615,0.12531713,0.16428572,310.34485
16,0.7316573,-2.8660212,0.6867223,0.34066436,0.15714286,321.42856
16,0.70916873,-2.033187,0.1652101,0.17610823,0.1632653,311.8812
16,0.5918816,-4.162215,0.285726,0.049595512,0.16938776,302.8846
16,0.45477083,-5.6808424,0.10620583,0.07520997,0.17551021,294.39252
16,0.3470425,-8.094941,0.114539094,0.0349022,0.18163265,286.36365
16,0.27209502,-9.411195,0.17074783,0.025919167,0.18775511,278.76108
16,0.21349087,-10.874959,0.04031747,0.06561207,0.19387753,271.55173
16,0.16147356,-14.688294,0.028884484,0.017725307,0.2,264.70587
16,0.115237735,-17.665176,0.029380582,0.009698381,0.20612246,258.19672
16,0.07823644,-19.728382,0.02448908,0.051546212,0.2122449,252.0
16,0.061669245,-20.443584,0.039158378,0.04809751,0.21836735,246.09375
16,0.08949042,-19.979607,0.04890501,0.07354853,0.22448978,240.45802
16,0.18678857,-14.990619,0.06524419,0.10299562,0.23061225,235.07463
16,0.34922096,-9.826079,0.2908468,0.15499598,0.2367347,229.927
16,0.522676,-7.22598,0.43051678,0.3248069,0.24285717,224.99998
16,0.6231889,-3.5504427,0.40930122,0.23793109,0.24285717,224.99998
16,0.5933345,-3.6531382,0.6128465,0.14958723,0.24285717,224.99998
16,0.4578013,-3.8789167,0.09040348,0.12887391,0.24285717,224.99998
16,0.31304494,-8.495326,0.055179615,0.01751394,0.24285717,224.99998
16,0.25240856,-10.720338,0.106034264,0.012310584,0.24285717,224.99998
16,0.30547842,-10.746806,0.15135573,0.046348784,0.24285717,224.99998
16,0.42927936,-8.415719,0.19938113,0.0660783,0.24285717,224.99998
16,0.539655,-5.751212,0.45077077,0.12276179,0.24285717,224.99998
16,0.5666442,-4.9311895,0.39637175,0.21266808,0.24285717,224.99998
16,0.4995439,-5.29469,0.1726815,0.120516405,0.24285717,224.99998
16,0.38135374,-7.466666,0.09890191,0.018941486,0.24285717,224.99998
16,0.26537755,-9.779975,0.06767842,0.037764773,0.24285717,224.99998
16,0.17980036,-12.418263,0.04674458,0.019960245,0.24285717,224.99998
16,0.1246242,-15.170358,0.0457051,0.019614577,0.24285717,224.99998
16,0.09211406,-17.573528,0.04234136,0.032520134,0.24285717,224.99998
16,0.086116806,-19.045616,0.029668583,0.031210966,0.24285717,224.99998
16,0.12139907,-20.598618,0.032314606,0.030728713,0.24285717,224.99998
16,0.20208013,-13.630246,0.07477358,0.04994694,0.24285717,224.99998
16,0.30207983,-11.196139,0.40960607,0.12924704,0.24285717,224.99998
16,0.37688902,-8.533462,0.18114683,0.3649575,0.24285717,224.99998
16,0.39756882,-8.3384695,0.22118683,0.119902655,0.23571429,230.76924
16,0.36989483,-8.279597,0.11664708,0.13259076,0.22857143,236.8421
16,0.32528818,-9.728274,0.11027311,0.072300285,0.22142859,243.24324
16,0.29649937,-9.544927,0.13547242,0.053707644,0.2142857,250.0
16,0.2980288,-9.735602,0.25854108,0.07484714,0.20714284,257.14285
16,0.32389757,-9.25632,0.12821987,0.12849523,0.2,264.70587
16,0.35646945,-9.265626,0.14124632,0.107029706,0.19285715,272.72726
16,0.37406677,-8.945998,0.1441506,0.08120731,0.1857143,281.25
16,0.3606323,-8.165923,0.27434212,0.08715573,0.17857142,290.32257
16,0.31681764,-8.992061,0.19235058,0.1464911,0.17142856,300.0
16,0.2603717,-9.656594,0.04214193,0.06517622,0.16428572,310.34485
16,0.20806561,-13.2545595,0.096516944,0.025456076,0.15714286,321.42856
16,0.16241089,-14.043267,0.0345319,0.055496033,0.15000002,333.3333
16,0.11981581,-16.30497,0.023135364,0.024325471,0.14285713,346.15384
16,0.08342108,-18.820488,0.01946309,0.03278416,0.13571428,360.0
16,0.064131185,-22.183334,0.019091427,0.0287337,0.12857142,375.0
16,0.07146774,-23.194542,0.024774957,0.04341893,0.12142857,391.30435
16,0.10404931,-19.82204,0.051453352,0.046996806,0.11428571,409.0909
16,0.14740449,-16.4374,0.1861802,0.15253063,0.10714286,428.57144
16,0.18270676,-14.822894,0.12029617,0.28244802,0.10000001,449.99997
16,0.19887035,-14.599935,0.0825384,0.11986514,0.16857144,304.05405
16,0.1940346,-14.852942,0.0688242,0.08831206,0.23714288,229.59183
16,0.17012356,-15.059815,0.07428532,0.05549178,0.30571428,184.42624
16,0.13496155,-15.588763,0.05740133,0.055839214,0.37428573,154.10959
16,0.10974169,-16.982182,0.04378342,0.045523345,0.44285718,132.35294
16,0.12295896,-17.801502,0.032923825,0.07946152,0.5114286,115.979385
16,0.18703057,-16.53798,0.08746149,0.05513576,0.58,103.211006
16,0.27996868,-12.096091,0.16272193,0.10433635,0.64857143,92.975204
16,0.35424173,-9.526933,0.2786755,0.20688522,0.7171429,84.586464
16,0.36979136,-8.640336,0.18961044,0.23214146,0.7857142,77.58621
16,0.32338247,-9.26489,0.10017361,0.10577502,0.77241373,78.85197
16,0.2465553,-11.250602,0.08970105,0.03626397,0.7591133,80.159706
16,0.17685762,-13.656066,0.055255912,0.03578778,0.7458128,81.51155
16,0.13203664,-15.947005,0.05389599,0.03882752,0.7325123,82.90978
16,0.108252205,-17.381882,0.031042503,0.04909187,0.7192118,84.35682
16,0.09539995,-19.322857,0.033502337,0.02677135,0.7059113,85.85526
16,0.09032851,-20.262249,0.02686795,0.04756487,0.6926108,87.407906
16,0.09931578,-19.563934,0.05838738,0.0419706,0.6793103,89.01774
16,0.1323738,-17.811424,0.086274676,0.11196432,0.6660098,90.68798
16,0.19350053,-15.951032,0.079646714,0.15005665,0.6527093,92.422104
16,0.26941642,-12.317775,0.12617952,0.12160388,0.6394089,94.22382
16,0.3275759,-9.567981,0.28659472,0.15633184,0.62610835,96.0972
16,0.33557174,-8.953866,0.26786998,0.22015934,0.61280787,98.04658
16,0.28925028,-9.501231,0.0892361,0.1232106,0.5995074,100.07668
16,0.21660918,-12.028766,0.0640823,0.04377323,0.58620685,102.19264
16,0.15361436,-14.825179,0.05968126,0.039829716,0.5729064,104.4
16,0.12293858,-16.33176,0.04476842,0.037140984,0.5596059,106.70483
16,0.13137059,-17.05146,0.06502489,0.029942213,0.54630536,109.113716
16,0.17637455,-14.984218,0.08859951,0.06440204,0.5330049,111.63388
16,0.24905117,-13.069518,0.16524465,0.10765616,0.51970446,114.2732
16,0.33058658,-11.177262,0.1271547,0.1599278,0.506404,117.04035
16,0.38885194,-7.6344786,0.2524158,0.10634386,0.49310347,119.94485
16,0.3904374,-7.6613646,0.2945162,0.14213444,0.47980297,122.99717
16,0.33022967,-7.1063604,0.0516963,0.14788158,0.46650246,126.2089
16,0.23932812,-11.221057,0.20771252,0.013419143,0.45320198,129.59285
16,0.16303186,-12.677634,0.02811538,0.11375286,0.4399015,133.16325
16,0.13578211,-15.892943,0.042181652,0.03424156,0.426601,136.93599
16,0.16380809,-16.833172,0.084821224,0.03174529,0.4133005,140.92873
16,0.22299314,-12.234469,0.062762395,0.077398315,0.4,145.16129
16,0.27320415,-11.175174,0.33926275,0.08104898,0.3866995,149.65598
16,0.28512263,-10.340766,0.1017653,0.23723231,0.37339902,154.43787
16,0.25913608,-11.6985445,0.08173994,0.05173709,0.36009854,159.53545
16,0.21959038,-12.320321,0.10566559,0.0322135,0.34679803,164.98103
16,0.19759376,-12.871711,0.080141336,0.09159103,0.33349752,170.81152
16,0.21246912,-12.708121,0.06275363,0.07556067,0.32019708,177.0692
16,0.2583924,-11.259429,0.3015549,0.06851833,0.30689657,183.80281
16,0.30911288,-10.353412,0.19560374,0.2165154,0.29359606,191.06882
16,0.33612058,-8.832253,0.079887636,0.10960209,0.28029558,198.93294
16,0.32203245,-9.455138,0.32597548,0.041328397,0.26699507,207.47218
16,0.27246085,-9.485084,0.11358583,0.17684977,0.2536946,216.7774
16,0.21783133,-11.636031,0.051306188,0.057946127,0.2403941,226.95651
16,0.19028215,-14.258584,0.07047528,0.0276457,0.2270936,238.13869
16,0.19742756,-13.961467,0.06253338,0.04504261,0.2137931,250.47984
16,0.21831365,-13.003444,0.1726617,0.05425053,0.2004926,264.17004
16,0.22391833,-12.463044,0.14317594,0.16445602,0.18719213,279.44324
16,0.2039171,-13.152421,0.059524156,0.1365442,0.17389163,296.5909
16,0.17260174,-14.489886,0.037422013,0.025433619,0.16059114,315.98065
16,0.15023045,-15.983085,0.07052051,0.020418448,0.14729063,338.0829
16,0.14415203,-16.604946,0.057065655,0.07580132,0.13399014,363.50977
16,0.14691862,-16.444878,0.04554964,0.04748543,0.12068966,393.0723
16,0.14487155,-16.480816,0.096576065,0.04024924,0.10738916,427.86887
16,0.12847427,-16.645458,0.08809798,0.10843147,0.09408867,469.42444
16,0.10120543,-17.610176,0.03226339,0.08928379,0.08078817,519.92035
16,0.07913983,-20.227459,0.021944497,0.043301173,0.06748769,582.5893
16,0.07747731,-22.707012,0.019248059,0.048500147,0.054187194,662.4366
16,0.09538268,-20.702763,0.038378175,0.04256987,0.0408867,767.64703
16,0.11561089,-17.587032,0.13213657,0.08624162,0.027586209,912.5874
16,0.12186864,-17.109459,0.11188549,0.24014977,0.014285716,1125.0
16,0.115177885,-17.896507,0.023488091,0.13874793,0.08928572,486.48648
16,0.10729189,-18.348503,0.018521307,0.03683546,0.16428572,310.34485
16,0.102419704,-18.113552,0.17425102,0.020204358,0.23928571,227.84811
16,0.09610073,-17.722904,0.027315993,0.2575233,0.31428573,180.0
16,0.08703228,-20.23016,0.017315261,0.051456578,0.30457145,185.0329
16,0.07950282,-20.754818,0.0341547,0.032711674,0.29485714,190.35533
16,0.07771084,-21.487461,0.06738735,0.082120925,0.28514287,195.99303
16,0.08219255,-21.921547,0.012266955,0.1362936,0.27542856,201.97487
16,0.08747778,-19.097843,0.05650468,0.0376496,0.2657143,208.33334
16,0.08390338,-19.025352,0.13462298,0.10364322,0.256,215.10515
16,0.0680242,-19.003342,0.011467929,0.20121808,0.24628574,222.33202
16,0.04770915,-24.759712,0.010711498,0.03314604,0.23657145,230.06134
16,0.033495337,-28.774117,0.010583486,0.025916604,0.22685716,238.34746
16,0.028644325,-29.489662,0.013462989,0.07460722,0.21714287,247.25275
16,0.028250821,-29.113335,0.026614213,0.050033536,0.20742857,256.8493
16,0.026062606,-29.864357,0.010134121,0.119191036,0.19771428,267.2209
16,0.02044624,-31.97601,0.0035696742,0.033200875,0.188,278.46536
16,0.013911868,-36.632263,0.00460808,0.03071441,0.17828573,290.69766
16,0.009499183,-38.010822,0.0052838456,0.043515753,0.16857144,304.05405
16,0.00878165,-39.013515,0.004915936,0.07707695,0.15885715,318.6969
16,0.011818442,-39.097164,0.00504645,0.0479617,0.14914286,334.82144
16,0.01742446,-36.041435,0.0061836177,0.061824087,0.13942857,352.66458
16,0.023375409,-33.377197,0.018572062,0.07023362,0.12971428,372.51657
16,0.027590713,-31.080788,0.014879934,0.20183845,0.12,394.73685
16,0.030163176,-30.12923,0.016153399,0.13586831,0.11028572,419.7761
16,0.033994883,-29.989616,0.011650735,0.09519866,0.10057143,448.20715
16,0.042544343,-25.95261,0.015400539,0.05579875,0.09085714,480.76926
16,0.056058764,-24.966667,0.06618148,0.077648886,0.08114286,518.43317
16,0.06991579,-23.802574,0.023489079,0.26362297,0.071428575,562.5
16,0.07595364,-22.870014,0.02458605,0.08240909,0.071428575,562.5
16,0.06636666,-23.398254,0.034080062,0.06605843,0.071428575,562.5
16,0.042515945,-23.923782,0.028452523,0.09011525,0.071428575,562.5
16,0.023885004,-24.741398,0.014818584,0.065686375,0.071428575,562.5
16,0.043997057,-26.142788,0.018227788,0.04214398,0.071428575,562.5
16,0.12693389,-19.084644,0.030232321,0.050992806,0.071428575,562.5
16,0.2572747,-14.411704,0.17517447,0.09904698,0.071428575,562.5
16,0.3738935,-8.411275,0.21461876,0.371352,0.071428575,562.5
16,0.40828082,-7.843871,0.2669304,0.23151328,0.071428575,562.5
16,0.3413465,-7.5012407,0.020869676,0.1243962,0.071428575,562.5
16,0.21797168,-11.342633,0.06630426,0.008048037,0.071428575,562.5
16,0.10587293,-14.341002,0.010601697,0.146931,0.071428575,562.5
16,0.047706872,-21.192951,0.031731874,0.04637719,0.071428575,562.5
16,0.042147636,-24.810036,0.011882047,0.035180062,0.071428575,562.5
16,0.05853734,-22.435638,0.033227205,0.03790414,0.071428575,562.5
16,0.06466636,-22.364738,0.084821545,0.10968887,0.071428575,562.5
16,0.048786823,-22.512707,0.010802955,0.18129195,0.071428575,562.5
16,0.02179766,-27.923203,0.0016958853,0.02429991,0.071428575,562.5
16,0.0021623513,-37.34549,1.3624675e-05,0.002044363,0.071428575,562.5
16,0.0,-79.131096,0.0,0.0,0.071428575,562.5
16,0.0,-80.0,0.0,0.0,0.071428575,562.5
16,0.00017952306,-80.0,0.0,0.0,0.071428575,562.5
16,0.0018197206,-80.0,0.0,0.0,0.071428575,562.5
16,0.0021524292,-80.0,0.0,0.0,0.071428575,562.5
16,0.0017722764,-80.0,0.0,0.0,0.071428575,562.5
16,0.0015904523,-80.0,0.0,0.0,0.071428575,562.5
16,0.0015751098,-80.0,0.0,0.0,0.071428575,562.5
16,0.0,0.0,0.0,0.0,0.0,0.0
16,0.0,0.0,0.0,0.0,0.0,0.0
16,0.0,0.0,0.0,0.0,0.0,0.0
16,0.0,0.0,0.0,0.0,0.0,0.0
16,0.0,0.0,0.0,0.0,0.0,0.0
16,0.0,0.0,0.0,0.0,0.0,0.0
16,0.0,0.0,0.0,0.0,0.0,0.0
16,0.0,0.0,0.0,0.0,0.0,0.0
16,0.0,0.0,0.0,0.0,0.0,0.0
16,0.0,0.0,0.0,0.0,0.0,0.0
16,0.0,0.0,0.0,0.0,0.0,0.0
16,0.0,0.0,0.0,0.0,0.0,0.0
16,0.0,0.0,0.0,0.0,0.0,0.0
16,0.0,0.0,0.0,0.0,0.0,0.0
16,0.0,0.0,0.0,0.0,0.0,0.0
16,0.0,0.0,0.0,0.0,0.0,0.0
16,0.0,0.0,0.0,0.0,0.0,0.0
16,0.0,0.0,0.0,0.0,0.0,0.0
16,0.0,0.0,0.0,0.0,0.0,0.0
16,0.0,0.0,0.0,0.0,0.0,0.0
16,0.0,0.0,0.0,0.0,0.0,0.0
16,0.0,0.0,0.0,0.0,0.0,0.0
